node,segment,theta
0,0,0.9326323412251275
0,6487,0.28798932958817514
0,5475,0.15496118453175656
0,6486,0.942383714635123
0,5474,0.0416585505866115
0,1192,0.1141546945486781
0,1220,0.1790042386645112
0,6488,0.5672064803477803
0,5301,0.21261841805661263
0,6333,0.8398805790860104
0,1,0.1831624409339414
0,1191,0.8039900456646234
0,1219,0.5277442742655772
0,2176,0.30241362130064287
0,5300,0.9745346068296822
0,1193,0.2628439257416153
0,6332,0.4763382502492679
0,6485,0.49710031513898456
0,5473,0.6711754605394075
0,517,0.5996983649291618
21,20,0.24247546198083303
21,162,0.8080839194383002
21,6245,0.4276896498580013
21,5598,0.5794259882500697
21,1072,0.05076508358426424
21,4769,0.99366731294348
21,163,0.2904877167690064
21,6246,0.7405690153560593
21,1073,0.8504257271422034
21,4770,0.10690965518181839
21,21,0.27915358038940274
21,4052,0.4771505653763307
21,1611,0.9860531492197606
21,4386,0.9878634597943264
21,2943,0.7335070889703875
21,3791,0.3357266593770821
21,161,0.22331535962762983
21,6244,0.6294916520623303
21,5597,0.6103563104746728
21,1071,0.5170657668189086
21,4768,0.36285341786235414
21,3792,0.39219441911260644
21,4051,0.6167857328443774
21,1610,0.6219104293439826
21,4385,0.7754671563984634
21,2942,0.8403056118561311
21,2864,0.10299874285952193
21,5194,0.39060337777409215
21,2052,0.24218722274890203
21,3790,0.4230235882420903
21,160,0.9380032793656754
21,6243,0.06568015214064415
21,5596,0.7263567930385921
21,1070,0.010929825822500794
21,4767,0.9103842257797183
30,28,0.04494624652873469
30,4005,0.3497575708736508
30,2211,0.010951426717893842
30,2437,0.8104778678521539
30,6621,0.7728234091217279
30,29,0.1784508789608399
30,4006,0.9398748213577571
30,2209,0.6238654155477006
30,4004,0.9911721598112146
30,2874,0.6313907551441916
30,5204,0.46950043120333684
30,3800,0.8686485758135651
30,2438,0.27253210142777007
30,2210,0.5290925233535491
30,2436,0.9044306806885744
30,6620,0.8418031931047676
30,3490,0.6791654908747062
30,4003,0.5624144342030347
30,2873,0.4535727053252937
30,5203,0.11357633573769454
30,2208,0.6883466288156199
30,933,0.10252732046548685
30,4116,0.7237621823965753
30,3799,0.5490832812186935
81,78,0.3961330386512454
81,1385,0.02459928802261735
81,3635,0.3319331118716432
81,79,0.18382008391691917
81,1891,0.5225765474040998
81,3739,0.14801978550062667
81,1112,0.7744987085081211
81,1386,0.7032045860137525
81,2232,0.5727191975649712
81,898,0.6305590288436734
81,1521,0.21130515131603866
81,5547,0.3540056051031121
81,5427,0.013690722253797749
81,4058,0.47899589503111195
81,3313,0.9609640049974161
81,1339,0.986703086881324
81,530,0.18305324384272592
81,1384,0.5224449400279184
81,3634,0.7833117065130302
81,3452,0.9383312940520346
81,1890,0.2945685457529209
81,3738,0.4925638225917913
81,1111,0.3449982260698965
81,1383,0.3541990640757804
81,529,0.031457004680677914
81,2231,0.23371396305757663
81,897,0.8993003228214266
81,1520,0.9549216754618212
81,5546,0.5982807932216856
81,5426,0.8341189333028601
81,4057,0.9543381969136746
81,3312,0.057096579534809955
81,1338,0.43023638077936865
81,1109,0.9526382864045971
94,90,0.5050279353477876
94,605,0.24553416579816623
94,6001,0.6015281810501553
94,2403,0.6940235694711953
94,91,0.6620495267194288
94,604,0.10859210901483773
94,606,0.3876956528727711
94,1628,0.8111967269637044
94,6000,0.44927443423543667
94,2402,0.6570397204845848
94,2833,0.10740536057964967
94,2404,0.23329909982258035
94,6214,0.33139761757195385
94,603,0.6429832302422516
94,1627,0.32801047973811004
119,114,0.6700669437842206
119,4481,0.21446445653518764
119,2796,0.015782667731331745
119,6590,0.4155006306688902
119,5455,0.6619513536818711
119,643,0.15859212508028453
119,5454,0.47382318330252204
119,4480,0.6326591421809243
119,2795,0.2602682591077803
119,6589,0.5277063677310118
119,5117,0.8814634448292279
119,4482,0.38262516904321486
119,2797,0.5937643933912183
119,6591,0.7896838068038907
119,115,0.03313687228242268
119,1302,0.34745764322214445
119,5456,0.7727480351977195
119,735,0.7712744201527004
119,1085,0.31406751254356946
119,5453,0.12359993511486844
119,2803,0.03850876626996169
119,5116,0.823301522684886
119,642,0.1351516195391852
119,644,0.9773397727398412
119,1301,0.7155752497761927
119,4479,0.6857301357680422
119,2794,0.12912782400914513
119,6588,0.42494986423844006
119,734,0.19699572473022076
136,130,0.0652432916218808
136,3867,0.07330467397031915
136,3868,0.7879784436590103
136,131,0.9935383831316111
136,5676,0.1349484739517256
136,5279,0.6770498702528945
136,3450,0.4706147643564388
136,2826,0.6253943580467775
136,4204,0.8961443994574058
136,3056,0.9751101337240902
136,3866,0.022517336551249656
136,5675,0.13091339977225236
136,5278,0.10938273559010403
136,4203,0.9124353842537432
136,3055,0.09465613626571534
136,3449,0.21634677768957444
136,2825,0.7173505954929931
136,3865,0.43566594420281046
174,167,0.5535535565798009
174,168,0.019443224200767162
174,4673,0.1651067718109619
174,4098,0.5751528391429325
174,128,0.0427586798083055
174,1101,0.004677919234294059
174,652,0.760954664024651
209,201,0.8476492022279326
209,3291,0.9209170548621113
209,202,0.8763217437447953
209,4090,0.7553137479587845
209,3290,0.22994926286538753
209,1738,0.6608265958272339
209,5570,0.07569280129017153
209,4089,0.7432314291374817
237,228,0.5966599180601113
237,462,0.6613592742132942
237,229,0.07188651465099416
237,461,0.13190205927096021
267,1658,0.17475012675480128
267,257,0.4564015939278073
267,3999,0.5106788284747164
267,1659,0.5792427976090705
267,258,0.021074202150083376
267,3221,0.82265307472258
267,1468,0.8943345186595195
267,3222,0.7841019916397616
267,3998,0.980236348714123
290,279,0.3012191818917369
290,280,0.630869751287231
290,6486,0.8760402480200421
290,5474,0.28936432551745994
290,1253,0.2454349324693763
290,665,0.13615410360866864
290,1843,0.075857981168298
290,5121,0.003511529869439256
290,5120,0.5867395752044653
290,2176,0.34820627870502274
290,4832,0.5647489644793018
290,6485,0.6673628763347041
290,5473,0.6258480370616814
290,1252,0.953665364233314
290,664,0.8937777803425181
290,1842,0.2327326018526853
290,1324,0.07695185335230892
302,3372,0.15428047359381658
302,290,0.4243679495292605
302,3459,0.4952414576353069
302,4213,0.10868463098637826
302,3671,0.8877317674389319
302,3460,0.5421561015384815
302,3672,0.7732024151748927
302,3373,0.06585224858450123
302,291,0.7842414855683251
302,3876,0.08911345870904308
302,139,0.29342997863849274
302,6414,0.78385989499943
302,5885,0.830149254952447
302,1119,0.11721850402105194
302,6149,0.7094907467292714
302,3458,0.5886930360264082
302,4212,0.8891001978848456
302,3670,0.8866525712440101
302,140,0.48344184641485155
302,6415,0.17693151411090358
302,3875,0.9029634814231758
302,138,0.49075538373394556
302,6413,0.6814439735847226
302,5884,0.2390456793951421
302,1118,0.8330051178575136
302,6148,0.3852017614042005
302,3457,0.887025511788237
302,4211,0.9019490203423538
302,3063,0.5229997543190114
302,3669,0.1422718070091319
316,303,0.4305069823660519
316,3253,0.8309875164232375
316,711,0.7037356172087684
316,710,0.2656737392701911
316,304,0.21456780084904103
316,3254,0.17597882615007376
316,3252,0.4317006881343436
316,4922,0.6647309124008437
316,564,0.7336373392294578
316,4921,0.06874988646912017
316,709,0.8549402131555845
316,3251,0.4865017615986057
353,339,0.4089348940283388
353,3874,0.6349302452198122
353,6533,0.7339319812106279
353,4150,0.7145566350137652
353,4707,0.4232692238477489
353,6412,0.23142135249563212
353,4211,0.6385808910919168
353,3063,0.5562694252151601
353,3669,0.16628776478468565
353,3873,0.3936944025482264
353,6532,0.3600301473813736
353,4149,0.7092427852284956
353,4706,0.9945752214648578
353,6411,0.16644778218865142
353,6688,0.26106450991543306
353,2399,0.04240542863233776
353,3875,0.7672136867246031
353,6534,0.18165042740990345
353,4151,0.894137248729561
353,4708,0.20261718311591137
353,340,0.7935134256748754
353,5683,0.13214593834524269
353,5286,0.9886141579698098
353,6690,0.5130662225197569
353,6687,0.982172502427462
353,4210,0.7902545207557633
353,3062,0.9035660216191518
353,3668,0.8915726349603422
353,2398,0.42884594217941063
353,5682,0.74311853712981
353,5285,0.2598817199196546
353,6689,0.24836359401185937
353,3872,0.10281418957997757
353,6531,0.8723066401618095
353,4148,0.2681036558427099
353,4705,0.3453651280978447
353,6410,0.5939558141738082
367,352,0.5686504836412812
367,1616,0.1829557342556416
367,353,0.8843267621553091
367,4216,0.0067719772702367065
367,5442,0.5480871894448136
367,448,0.6053088110203985
367,4215,0.1563793950066552
367,2319,0.470042739086468
398,382,0.9419409223297502
398,3219,0.3047403738698784
398,4503,0.778258657249372
398,5492,0.22914548324607165
398,2611,0.14094915255658358
398,1205,0.9415543551802906
398,5805,0.1331565668629282
398,3218,0.9835666194499527
398,4504,0.5686554558608371
398,5493,0.24847868718497157
398,2612,0.5051611372215863
398,1206,0.6119946687583315
398,383,0.8806276143837731
398,2234,0.5462079494051386
398,900,0.772816793276332
398,1523,0.5511561351590875
398,5549,0.5819777217031068
398,5429,0.6174744965791902
398,2142,0.05108986438118035
398,868,0.18922782579442166
398,532,0.23076561960780484
398,13,0.23344770252193758
398,6178,0.05945117692451618
398,5311,0.9214715631886597
398,4502,0.015115817035039059
398,5491,0.31490524613114745
398,2610,0.8434843615013228
398,1204,0.5501484765238256
398,11,0.3366107770109338
398,3217,0.020311102516243462
398,2235,0.8820960449451706
398,901,0.352402941483572
398,1524,0.20989199669604353
398,2143,0.37109024261831647
398,5804,0.10328905094790397
398,2268,0.9920359776734371
398,2233,0.03775480561027367
398,899,0.06941045931431944
398,1522,0.9328953207724184
398,5548,0.13378589541611452
398,5428,0.8230759675258564
398,2141,0.06228560972478969
398,867,0.30694444447842484
398,531,0.16766876373172135
398,12,0.5383793915711377
398,5310,0.8826119226746741
398,6177,0.7328365892159746
398,10,0.2314447893548096
398,1203,0.5420472364185813
398,4501,0.2608851722302029
398,5490,0.055435747450799266
398,2609,0.003261426468552431
421,404,0.05325086815141178
421,4269,0.0719977452717091
421,2217,0.841934210828248
421,2443,0.5585364225578323
421,6627,0.7048091718551017
421,4268,0.18302762711102483
421,2216,0.8914415388620284
421,2442,0.437096156163876
421,6626,0.36770442183583674
421,34,0.4606992782921723
421,4011,0.20167774151956952
421,2025,0.2655324563711705
421,405,0.13474400177331913
421,4270,0.5278677105317988
421,2218,0.42498996512360776
421,2444,0.8474226842335986
421,6628,0.7869825030967149
421,4267,0.9200935182632652
421,2215,0.29245095917255004
421,2441,0.6699810857979461
421,6625,0.05248834915269196
421,33,0.7048553566305235
421,4010,0.7782353637184745
421,5960,0.3042370489165551
421,2024,0.20126564685786896
468,450,0.0552667179087718
468,4716,0.9124798253347977
468,2847,0.7400478014770588
468,451,0.42667577938691525
468,4715,0.8595061839866188
468,2096,0.6093627771132494
468,2846,0.8837178672735829
468,2095,0.49832978398909955
468,4714,0.6288974581155508
484,465,0.36924487210860646
484,4929,0.4925260205818973
484,466,0.6083790800269222
484,4930,0.10758140931263138
484,4928,0.04518521129060982
484,1896,0.8522637051689564
484,4927,0.8241562467957485
522,502,0.4864680142469229
522,4526,0.2553353379646256
522,503,0.8078990965966001
522,4527,0.5736587191671587
522,4525,0.6261143358816023
522,3345,0.11398416972414371
522,3301,0.7414302978822231
522,3346,0.1038752435368383
522,3302,0.15346823610075988
522,4164,0.5745381754171035
522,4524,0.9043256405872723
522,3344,0.19959130452844842
522,3300,0.5944923944519352
522,211,0.7056984101889723
535,514,0.6064361071367796
535,2504,0.33942641380805383
535,2461,0.512841120478006
535,1782,0.11613909503629882
535,1422,0.062963243427274
535,5460,0.5453400877455492
535,1322,0.2827431990336249
535,584,0.15782723892180917
535,1421,0.7780668750439761
535,5459,0.22493386109729918
535,1189,0.9026332509499506
535,1217,0.6128141383884173
535,1781,0.5399157791040676
535,515,0.37504513976883125
535,1423,0.5025137955689356
535,2505,0.2808265174940684
535,2462,0.08982899934104527
535,664,0.9325295770645936
535,2503,0.971046542361113
535,2460,0.0012717521502477735
535,6168,0.7296786180111249
535,6167,0.08165235246909286
535,1321,0.8612666095004538
535,583,0.4316186846293677
535,1323,0.4719058324101537
535,663,0.2102346194161857
535,5458,0.7783255306688593
535,5121,0.8285528892248477
535,1780,0.6717526450096785
535,1188,0.03115829429787098
535,1216,0.6719205753914852
535,2502,0.40242738973997005
535,2459,0.7361319915329471
561,539,0.5991477481719388
561,4077,0.9497530516196365
561,5376,0.9315468827697913
561,540,0.7182697363930864
561,4078,0.18560004116511153
561,4076,0.9524910821494779
561,5375,0.7500363350309469
561,26,0.7185342403860193
561,1475,0.6461810425857024
561,4075,0.43474819056260117
561,5374,0.570811534906543
586,563,0.5873284782748805
586,564,0.6196430358628015
586,4921,0.2980421299100231
586,1469,0.9335426512299339
586,1271,0.6120453866394294
586,4920,0.5032156554042378
586,1553,0.4014243428470746
621,597,0.30884504380887656
621,3447,0.08982031944358393
621,598,0.7168957046237048
621,3446,0.052850518043162986
621,1620,0.4385552725154056
621,356,0.9371719240430604
621,1619,0.7113625523830541
621,2489,0.8661169753640602
621,2491,0.18905306809494127
621,3445,0.5811677462439276
635,610,0.19404158001383676
635,3930,0.8078257570140153
635,6306,0.3449981485147017
635,3931,0.14971351112444953
635,6307,0.11186575122797049
635,611,0.36780274803940627
635,4229,0.30074096025823016
635,3014,0.1508215735427405
635,3929,0.057769098404593544
635,6305,0.4080832963072011
635,4228,0.9817300947209203
635,3013,0.811272872924977
635,3928,0.9482691939192875
635,6304,0.8475485425176397
653,627,0.621733286736711
653,3564,0.3849235404317858
653,3213,0.20125424740960018
653,3025,0.8423889009426417
653,3563,0.3348400796472656
653,628,0.496512411487537
653,5552,0.8787656203841517
653,5586,0.34019221216347295
653,3214,0.9493455925941394
653,3026,0.8090148955180354
653,3212,0.6414107713136092
653,3024,0.6798019055332665
653,5585,0.6506158178297919
653,3562,0.7459600165944881
653,5551,0.35735155389900886
677,650,0.8560563583347525
677,651,0.029977734022074376
677,2300,0.3786926873755161
697,669,0.21726080090702782
697,606,0.15487675514952448
697,6002,0.1292642453624161
697,2404,0.14969033502369133
697,670,0.08965650780870116
697,605,0.2233356987638323
697,5726,0.40477029803280495
697,607,0.37797923073051554
697,1629,0.39453808469966134
697,1980,0.3514030258425507
697,2595,0.8414214049465112
697,6001,0.20436610218747442
697,2403,0.12344070099096516
697,2405,0.9672542795082928
697,5725,0.99644249533628
697,604,0.5754904949334316
697,1628,0.8243800198523951
717,688,0.9442625900855393
717,689,0.9975524753384766
717,2032,0.6314763080860271
743,713,0.7250481764375264
743,5996,0.8029835411092212
743,3584,0.6998364704615082
743,4995,0.2813493530831669
743,1625,0.1515737479720355
743,602,0.16908075740190642
743,5997,0.5575001201009875
743,3585,0.6655955019354332
743,4996,0.6357505202417731
743,714,0.49388147495381673
743,1624,0.22836646655180703
743,3437,0.4379992045568426
743,6213,0.63683222558664
743,3146,0.5496678107083385
743,5041,0.4108127129690665
743,1626,0.7313381150900712
743,5995,0.33785241055912585
743,6116,0.3318888251675488
743,3583,0.841520581420464
743,4994,0.4817342865867823
743,601,0.8812487732419397
743,603,0.4425987445476157
743,1623,0.9048506838475664
743,2226,0.37040861597839625
743,892,0.8960871068142903
743,834,0.918750889223707
743,3436,0.422855940302981
743,3308,0.9460547847461069
743,6212,0.11009870156598256
743,3145,0.49411743154290344
743,5040,0.4672859899600441
743,5994,0.8852123935558266
743,6115,0.7117866434554428
743,3582,0.6013695316393158
743,4993,0.9533704718127952
773,742,0.32822533731394976
773,740,0.644418736515959
773,4181,0.16133357273506432
773,3367,0.7459443074011743
773,5137,0.452058153067726
773,3366,0.6197300095815564
773,5136,0.936136422828668
773,739,0.2715097087340449
773,4180,0.9955008226070441
773,3917,0.6846984498812758
773,1672,0.18635776992394892
773,271,0.16638461144439343
773,1643,0.8667807073436833
773,3530,0.10503244357917063
773,4182,0.25733832570754944
773,743,0.08215148061369248
773,3368,0.9069920100951666
773,5138,0.8439334441972097
773,253,0.22582363594754484
773,2809,0.7784652864033746
773,3916,0.05361503938024903
773,1671,0.4705166428884906
773,270,0.9226602575489037
773,1642,0.8163952049873208
773,3529,0.4889872478757723
773,3365,0.025477735242626753
773,5135,0.3528141819987899
773,738,0.45303504995734345
773,4179,0.9939017614671127
773,252,0.5932700159350462
773,1644,0.45039979190464496
773,3531,0.7666997881595207
773,6726,0.7847227358118668
792,760,0.6389144194391554
792,2692,0.3546140158790526
792,3327,0.6887164907694868
792,5485,0.2658763941652412
792,5604,0.23477893388142546
792,2693,0.3437301998563662
792,761,0.28796954364141103
792,298,0.19231637916586553
792,2691,0.42090593914873997
792,2646,0.3103872832484751
792,3184,0.3323765144624933
792,3326,0.3053602490841576
792,1352,0.4782926959953989
792,5484,0.3647284406171629
792,5603,0.6592691983020808
792,297,0.10390981103882146
792,2690,0.12763235578059928
792,2717,0.30246673556988046
792,2180,0.6151907606137682
792,2645,0.11484901520820212
792,3183,0.6213458651399177
828,795,0.08088486298248199
828,6630,0.7498759732217023
828,6629,0.8665756326584895
828,796,0.40084261476325267
828,6628,0.06772229414450948
828,4878,0.19158179748284887
851,817,0.3991822875067783
851,4124,0.06856181816807772
851,3936,0.17066791369015544
851,818,0.8714646011508806
851,4749,0.28591941398974874
851,4748,0.058763846794176566
851,2766,0.8005259554134895
851,4918,0.09738293573117907
851,4123,0.07348948281625312
851,3935,0.050928354623755334
851,4750,0.4064142531488857
866,831,0.24647038349413664
866,2223,0.817923623525958
866,889,0.4954331020655032
866,3434,0.9985442867679717
866,2222,0.04201616133145725
866,888,0.4737667437020838
866,4221,0.7326610138871736
866,2224,0.24383007305379545
866,890,0.7728994445552886
866,832,0.227326228118653
866,3433,0.05428066831232692
866,4220,0.6496315431108751
866,2221,0.7839610775980282
866,887,0.4006136982852987
895,5893,0.11147169028856929
895,859,0.8838809002954515
895,4690,0.27446770071747595
895,3286,0.5067271979496079
895,2604,0.7872435136985492
895,1333,0.8663132027322974
895,595,0.24502481699655887
895,4736,0.22142100076066218
895,3149,0.10263749566304037
895,5894,0.04903580274277397
895,860,0.3809397042892243
895,4689,0.47303687552720086
895,3285,0.7141688442177424
895,2603,0.9690305550927328
895,1332,0.21984949468759507
895,594,0.33219130846605627
895,4735,0.21495373892495406
895,3148,0.750267194108789
895,4691,0.907341147516027
895,5267,0.019997654992374825
895,5418,0.7191821047757883
914,877,0.08634929813455583
914,2900,0.07865591030927788
914,6380,0.4105813682061562
914,1224,0.9634491039440832
914,878,0.6462826267840612
914,1446,0.7838869857926307
914,5865,0.9017634593699414
914,5222,0.7325743251480399
914,2786,0.8752268915364209
914,1223,0.41417013376581546
914,4245,0.4529995185912037
914,2899,0.37919957770964674
914,6379,0.500219174152632
914,1447,0.0383252776891867
914,5223,0.9784844540699126
914,4244,0.514812217715932
914,1445,0.8555496992753152
914,5864,0.8880242108699753
914,5221,0.3046283200473381
914,1222,0.16939236231345334
914,2898,0.4661226170234698
914,6378,0.7670432127240046
925,2221,0.8097503648634163
925,887,0.7637241110855365
925,2222,0.5964240471969758
925,888,0.08145803723946565
925,4221,0.8836187193070278
925,3432,0.19960907540580453
925,4220,0.45898337122280863
925,6298,0.9496034637655443
925,226,0.0959737507620173
925,3431,0.4965132352881012
974,935,0.9274289615185709
974,810,0.09291044754425459
974,6403,0.6104124804693251
974,6402,0.11099771483122911
974,811,0.935514049701685
974,1906,0.7075627027771348
974,936,0.5097603570700754
974,809,0.6766552248505273
974,6675,0.9740490883032915
974,6404,0.9198881889111833
974,6708,0.2605374820039088
974,6135,0.27630215652453427
974,6401,0.03637378069337005
974,1905,0.9686214928155383
974,6676,0.180946176083142
974,6709,0.6074322884619189
974,6136,0.11515416069104545
974,6228,0.2236395872244067
974,808,0.8254680698555503
974,6707,0.6344972796182243
974,6134,0.3300333797954522
988,948,0.05339396321502898
988,746,0.7602068426273012
988,5141,0.9779864512718275
988,2499,0.976503901464943
988,2456,0.05742315409264198
988,745,0.5051310366942693
988,1212,0.9929749567908963
988,5140,0.5377195775691354
988,3534,0.34980614343229555
988,6454,0.8404942322110283
988,1676,0.3879484818304839
988,275,0.8017814755442322
988,2500,0.6173902537473441
988,2457,0.2977958057718587
988,1647,0.5429784238485008
988,2498,0.417489721534257
988,2455,0.4497452704972099
988,949,0.13276056275191173
988,747,0.7337966114959539
988,5142,0.14800716885908072
988,6453,0.17658699521693466
988,3920,0.47853455319496296
988,1675,0.8780598627650098
988,274,0.8241663391161425
988,1646,0.9875659908410268
988,3533,0.009985924236816546
988,744,0.6579764194998939
988,1211,0.7041327326473933
988,5139,0.1455248927507159
988,857,0.5289008263622806
988,2497,0.6657766540195011
988,2454,0.6415186291119634
988,1648,0.9836789599535449
988,5572,0.9002004332997704
1019,978,0.3081742131440671
1019,2796,0.18942357240634666
1019,6590,0.6145535659224004
1019,5455,0.04444333527249922
1019,643,0.8825720900034582
1019,5454,0.5151465348304431
1019,2795,0.607251309254049
1019,6589,0.2728272506385523
1019,2632,0.3453847018392928
1019,5117,0.09004239882681409
1019,2797,0.5502340733216899
1019,6591,0.11327302102286962
1019,979,0.05751975723600122
1019,1302,0.3698660429091576
1019,314,0.7121016143915528
1019,5456,0.061693868318097866
1019,4176,0.2733817664890187
1019,5453,0.05028449146754299
1019,5116,0.3142686584954142
1019,2631,0.2656954405228036
1019,642,0.8884808918625231
1019,644,0.946758855553033
1019,1301,0.4224951142511054
1019,313,0.8536534207218082
1019,2794,0.7329730407804135
1019,6588,0.3471829849522893
1019,4175,0.5938023172038572
1033,991,0.8928663188846602
1033,1896,0.6114231292625879
1033,992,0.5848353593240042
1033,1897,0.31408300377153586
1033,1135,0.12662914653346213
1033,4928,0.6371598988619984
1033,1136,0.6280422221558244
1033,2702,0.4952527978768966
1033,4927,0.1537776660090382
1033,1134,0.24361200431560615
1070,1027,0.7464157146742052
1070,5726,0.35002245622114647
1070,1976,0.3753864661267561
1070,607,0.0831781242064088
1070,4342,0.8851903233903271
1070,1977,0.270479615366193
1070,1356,0.6550501595824073
1070,5725,0.6706622002532889
1070,1975,0.6511345932938974
1070,3618,0.4707634548372287
1070,606,0.9672474962825335
1070,5702,0.21686628399722963
1070,4369,0.4086234163368334
1070,4859,0.6963623686663807
1070,608,0.07679249157548784
1070,1028,0.06907107028065773
1070,4858,0.12512022778449594
1070,4341,0.38166162868717124
1070,5724,0.0843540712192411
1070,1974,0.09472548582265095
1070,3617,0.8119707777320506
1070,1355,0.9746742294992222
1070,3717,0.482659994881518
1070,1357,0.48922777795306827
1070,5701,0.5734356789775222
1070,4368,0.9782563608826715
1070,605,0.5837536408229133
1084,1040,0.7880662843076474
1084,5719,0.49944428862235923
1084,2336,0.040083835375493204
1084,1969,0.6742354603169669
1084,1041,0.8632474615105391
1084,4362,0.38087662200750594
1084,2776,0.807463752338001
1084,5907,0.7622548723554784
1084,5720,0.00013833624055370475
1084,2337,0.009527188543358434
1084,1970,0.2553113092303201
1084,5718,0.021656414225460496
1084,2335,0.19959625971093364
1084,1968,0.70105075015684
1084,3611,0.9313005600021445
1084,2590,0.7415542248347475
1084,1281,0.9066535468260505
1084,4361,0.5666930976479554
1084,2775,0.163735359775392
1084,5906,0.404102297724956
1084,4359,0.008032278151871353
1084,5717,0.04054237610989242
1084,2334,0.01390650086770262
1084,1967,0.6014634435084822
1084,2589,0.03500641599632792
1084,5810,0.7853602994181681
1084,3610,0.4383057767958012
1109,1064,0.9816520063127963
1109,2157,0.8302500199039994
1109,396,0.1960433672480919
1109,4955,0.31591274988084606
1109,5348,0.8321965118289538
1109,4046,0.5919542758286063
1109,1065,0.3824297082382033
1109,5029,0.7055771706512578
1109,1419,0.7306949300068224
1109,2156,0.47379014474426406
1109,395,0.2739220140604437
1109,5570,0.4754735959877575
1109,4954,0.03625288734241794
1109,5347,0.6945524793706785
1109,4045,0.24030803636161158
1109,5588,0.3106293282260595
1121,1075,0.1573253151562264
1121,3031,0.002465882893453175
1121,2960,0.5224632366180553
1121,101,0.9645713202988303
1121,100,0.31080717582960904
1121,6670,0.003346053753582101
1121,633,0.22215983421456165
1121,4620,0.998218260661356
1121,2279,0.30120481556798595
1121,2959,0.9615986892716906
1121,3030,0.6317071578432063
1121,5444,0.5198722955174414
1121,102,0.43776797528438527
1121,3032,0.9796191641407401
1121,2961,0.6275733168257924
1121,1076,0.7633319728232005
1121,2586,0.5574973675395491
1121,99,0.7627951516866045
1121,6669,0.660731642893808
1121,632,0.9120869899904199
1121,2986,0.12180332354064827
1121,4619,0.5165708756468517
1121,2278,0.5567650691656874
1121,2585,0.6607424308788484
1121,3029,0.06610260548835767
1121,1908,0.5277524222152651
1150,1103,0.14796927566301155
1150,2603,0.3551861543631202
1150,594,0.9118627495193943
1150,4195,0.9497073543724751
1150,3047,0.9356556157901769
1150,3655,0.46909919482593787
1150,524,0.4680997502299813
1150,1432,0.5238562007956422
1150,2514,0.7504668807760798
1150,2471,0.6996987685285486
1150,1104,0.11445064656194592
1150,2604,0.14838274006247676
1150,595,0.9687474962554653
1150,2602,0.9118573774451322
1150,593,0.7134872435914854
1150,4194,0.05296278286217604
1150,3046,0.5063567218755138
1150,3728,0.758564305556547
1150,4689,0.22686208329463908
1150,5893,0.6970632249148193
1150,859,0.719860959436182
1150,3048,0.20881996906175115
1150,3654,0.8878515176055897
1150,523,0.33555837657260823
1150,1431,0.7429584399398259
1150,2513,0.5062948981086043
1150,2470,0.2295724627598842
1150,2601,0.9681370738013785
1150,592,0.16200973404370034
1170,1122,0.46124602371982426
1170,1123,0.7981451353519021
1170,3490,0.9976870981996896
1170,933,0.8148723579803512
1170,4116,0.8259660845599548
1201,1152,0.8483145104603803
1201,1712,0.5185638933040728
1201,5154,0.4940575703607084
1201,416,0.8389737893939613
1201,1711,0.9305244367756035
1201,5153,0.6303653410305244
1201,415,0.9161195572089619
1201,1749,0.7961934281171165
1201,1916,0.7545543729909087
1201,6606,0.2922857665096631
1201,4574,0.21648592141035816
1201,46,0.5224756041383039
1201,4023,0.15832370453785238
1201,1153,0.900660313942722
1201,5155,0.7213209388992496
1201,417,0.7086752338944637
1201,5152,0.8769319823095717
1201,414,0.8957120203915282
1201,1710,0.5009091182962502
1201,1748,0.8355160102369535
1201,1915,0.881844763629298
1201,6605,0.48226462176631324
1201,4573,0.22168574649496708
1201,45,0.9317094645813312
1201,4022,0.8320714382876574
1213,3022,0.5386407444467364
1213,1163,0.9805607521171
1213,1863,0.35443616490810015
1213,757,0.42738710854978856
1213,428,0.2955479795757592
1213,1686,0.9921711514585613
1213,325,0.835043988084458
1213,958,0.19794966392471858
1213,1164,0.03961055817662573
1213,1864,0.8241306607108185
1213,758,0.7874160138940782
1213,1687,0.8017755176223413
1213,3021,0.3899151563062243
1213,1862,0.8809929179510929
1213,756,0.8317513396319673
1213,427,0.4434968480185282
1213,1685,0.773285927708735
1213,4256,0.49400807408108804
1213,2355,0.9262029565465808
1213,989,0.2662386350179998
1213,324,0.3262098046679379
1213,1570,0.8337623689841728
1213,957,0.7565517897256564
1213,3020,0.9778263234523161
1213,4255,0.7975195310610637
1213,2354,0.3784959673417785
1213,755,0.05241390830736681
1213,426,0.6255565319222729
1213,1684,0.1686110227251817
1213,1861,0.19959779720086424
1213,1714,0.6118300999749212
1213,4866,0.3136639259183376
1213,6498,0.8024650964344913
1234,1183,0.12282347385611792
1234,3533,0.3196835954417653
1234,6725,0.07123515233800704
1234,3532,0.03819663559572739
1234,255,0.6465984199757628
1234,1212,0.6841935026053697
1234,3370,0.7125379208715696
1234,6094,0.5022365856348223
1234,1184,0.31969913178195986
1234,3534,0.8508346556967015
1234,2498,0.6922943224599601
1234,5217,0.5602518974628277
1234,3531,0.32451733551013107
1234,254,0.1251917676062142
1234,1211,0.11788103469591871
1234,3369,0.18838140395541492
1234,6093,0.9770561328894575
1234,2495,0.2767540789851918
1234,2497,0.6517949668752965
1261,1209,0.6971072690046263
1261,740,0.1124417021845131
1261,3367,0.7851640576539978
1261,1482,0.5731779372595127
1261,3366,0.21505725550797994
1261,1481,0.8116090749128889
1261,3193,0.7853636997202386
1261,739,0.5181473432645652
1261,3917,0.44189216898808603
1261,3530,0.10820178196162256
1261,1210,0.38549317951157946
1261,3368,0.8642549725862919
1261,1483,0.19517185358881872
1261,253,0.34044538972848104
1261,2809,0.6826423116763496
1261,3916,0.24003824344697455
1261,3192,0.19715960585949144
1261,3529,0.8860494910690262
1261,3365,0.8015404384542311
1261,1480,0.7794647346530084
1261,738,0.8010636215271619
1261,252,0.8911737785644479
1261,3945,0.4361020715948456
1261,4642,0.08658781124102433
1261,3531,0.18211582348716204
1261,6726,0.296555733565532
1279,1226,0.8358325079229578
1279,6726,0.21902285495674156
1279,6725,0.8419731817941338
1279,3532,0.23392824192745254
1279,3534,0.9326143347372728
1279,1227,0.7961777711941923
1279,6727,0.8896457406139332
1279,3533,0.22204615849983256
1279,3531,0.8522520923675929
1300,1246,0.8231972489317863
1300,1569,0.0049030064739252754
1300,4752,0.9304203870813583
1300,1568,0.1455077683341871
1300,1570,0.27985016817874475
1300,3020,0.39181709124832975
1300,4754,0.3334371169083262
1300,1637,0.9961262183158572
1300,1988,0.8708746481852029
1300,1247,0.5010200648215767
1300,4751,0.3718629300886478
1300,3019,0.47269561654900283
1300,1364,0.21753830595144152
1300,4753,0.7398881800366822
1300,1636,0.7946169286798764
1300,1987,0.9664437165854536
1300,1567,0.9834049872870673
1300,758,0.5055351119859562
1300,2641,0.6644802927082326
1328,1273,0.21240712581429178
1328,6398,0.04447942043082331
1328,471,0.9039656570607826
1328,815,0.8071728945984722
1328,6397,0.9046092931150354
1328,470,0.9413382056980246
1328,5732,0.07123651789438135
1328,3701,0.9419823292908475
1328,996,0.9544611298066202
1328,1274,0.11251262753928126
1328,6399,0.19751987024686535
1328,472,0.0300341126046354
1328,814,0.516680024691387
1328,995,0.7574988231687908
1328,469,0.4643759948695426
1328,6265,0.049865220961434864
1328,4382,0.1336309258727878
1328,5731,0.3630567338651829
1328,3702,0.8839696061994107
1328,997,0.5284060298559967
1328,813,0.8185156325363211
1344,1288,0.9431740704276684
1344,1823,0.431697164496198
1344,5029,0.5140003845922542
1344,1419,0.9331764122727001
1344,2157,0.6655895190954839
1344,396,0.6226268162840006
1344,3898,0.03759604979633646
1344,1822,0.2733376950187898
1344,1824,0.9268888631304583
1344,1289,0.6546701421134014
1344,5028,0.6011886228412485
1344,1418,0.9274311967588412
1344,2731,0.025508432694659078
1344,3899,0.03030361063799858
1344,2161,0.11623618965454507
1344,2156,0.4060543830378496
1344,395,0.8784168738307534
1344,3897,0.5073903907520617
1344,1821,0.45875204822374804
1344,2730,0.9068255292621724
1344,6399,0.4454910512336302
1344,5027,0.1020326909739826
1344,1417,0.9401340413771176
1362,1305,0.8243022627834814
1362,3910,0.029584660551174147
1362,3909,0.3274583359924045
1362,1306,0.7823166763883981
1362,6084,0.7221312510802299
1362,2010,0.47970075593444406
1362,6650,0.06348503803636707
1362,3911,0.3739332770980178
1362,1466,0.7988912057826909
1362,3908,0.11160425984815125
1362,6083,0.1285287163823241
1362,2009,0.39011546542480235
1362,6649,0.7956173342256858
1362,3523,0.9124542498747363
1378,1320,0.49435733197279763
1378,6107,0.5043680977933711
1378,2368,0.5159142655910867
1378,582,0.5599942719274466
1378,6474,0.6319364220648008
1378,2502,0.5769594067184222
1378,2459,0.3291647446104883
1378,6108,0.6769360822137565
1378,2369,0.91723044333832
1378,6167,0.9675534852817869
1378,1321,0.8205638248010056
1378,583,0.571372013180944
1378,6473,0.23483636726999413
1378,581,0.8853608380592543
1378,5575,0.0807670142969179
1378,172,0.8168645409491636
1378,6106,0.012024423481495683
1378,2367,0.6405505653493332
1378,580,0.4976116951332781
1378,2501,0.7479674822467697
1378,2458,0.42725964613173695
1378,6472,0.09004554560378364
1378,5576,0.6921518159207082
1378,173,0.1985343690724063
1378,6166,0.8374361504164114
1378,5574,0.8099138601244447
1378,171,0.28392463273378443
1378,6105,0.8061995359776956
1378,2366,0.48771837989519673
1378,5465,0.19755024869280713
1378,4677,0.4655616212325362
1413,1354,0.01593484045950888
1413,1355,0.3378271820535913
1413,605,0.06787955479918739
1413,2595,0.687556371825958
1413,6652,0.4539441424683459
1413,604,0.19440919977870263
1426,1366,0.6261427001386022
1426,1214,0.00392939366037548
1426,3952,0.5406445655188957
1426,4649,0.2899604040724135
1426,1213,0.05912195588353275
1426,3951,0.3930758699460899
1426,4648,0.3955353080512014
1426,2501,0.08017418922013464
1426,2458,0.37514009534873893
1426,6728,0.285884880879409
1426,1367,0.2522927702873169
1426,1215,0.6159544836638154
1426,1212,0.06476237794906115
1426,1485,0.42118569274302464
1426,3950,0.6319158024050039
1426,4647,0.354058916075886
1426,2500,0.8411633868350447
1426,2457,0.4502541468525414
1426,6727,0.7037982973965992
1449,3986,0.27576928463049144
1449,1388,0.551620529835
1449,1543,0.8231533677775483
1449,6433,0.06490750242205667
1449,4821,0.35934808727281375
1449,5512,0.9300425947304575
1449,4301,0.5847116917540459
1449,3987,0.06192027332376071
1449,1542,0.3085817560232539
1449,6432,0.5926956946214675
1449,4820,0.7441323788960889
1449,1544,0.4786917505465431
1449,6434,0.5129926885200278
1449,4822,0.40228729024395116
1449,1389,0.19672964610636312
1449,3334,0.21681278893622036
1449,5611,0.9023423220787857
1449,2857,0.015436350700359647
1449,5187,0.9097800961397702
1449,2045,0.3286407982909353
1449,3985,0.03016956166058915
1449,5511,0.5562344708947761
1449,4300,0.8890632163096869
1449,1541,0.006199796335667029
1449,6431,0.29416606478635676
1449,4819,0.7755405067770096
1449,3333,0.11140667964058182
1449,5610,0.19225577765695023
1449,2856,0.8833767166434591
1449,5186,0.15561324839954682
1449,2044,0.4566069986820117
1449,4930,0.48900650632072884
1449,3984,0.056418694931793856
1460,1398,0.13621287299334772
1460,5070,0.6312907385742503
1460,3698,0.9943347862892417
1460,6324,0.2884172469826922
1460,6478,0.553425587463276
1460,5069,0.4158084088863928
1460,3697,0.6513819962765743
1460,6323,0.8235342018039293
1460,5814,0.827632219661506
1460,6325,0.4411184234769635
1460,1399,0.504800191469188
1460,5071,0.5875115156628589
1460,3699,0.0351446686659147
1460,3696,0.6563365283470397
1460,5068,0.7523872196173048
1460,6477,0.39761770689618436
1460,5813,0.08703219432647757
1460,1721,0.1341956414217944
1460,5815,0.5214890569521351
1460,2520,0.9707924730308097
1460,1719,0.7316515874889725
1460,5006,0.7722681932694594
1460,5851,0.4778420105434593
1460,6503,0.5193359874279574
1460,6322,0.3260778308269353
1460,6124,0.32477673828953635
1460,2074,0.0215712159132736
1484,1421,0.7172147905559629
1484,5459,0.5338274567882304
1484,1369,0.1647402613183404
1484,1189,0.7132036232720848
1484,1217,0.3082631516788924
1484,3955,0.45268692017722134
1484,4652,0.9719643084546788
1484,1781,0.8564013084351841
1484,5458,0.2119676425431346
1484,5121,0.01977514227180277
1484,1218,0.7672914130289038
1484,1780,0.6221125649308742
1484,318,0.03658434286307022
1484,1368,0.8853426271124405
1484,1188,0.21957835682455673
1484,1216,0.6286016927451028
1484,3954,0.7950845206609238
1484,4651,0.8711955230430934
1484,514,0.6439006590451138
1484,2504,0.637382949857213
1484,2461,0.3678273773426254
1484,1782,0.6172119166477752
1484,1422,0.8719246178318867
1484,5460,0.7880338331324863
1484,5457,0.6399632782000827
1484,5120,0.5997370413331999
1484,317,0.4029689611524011
1484,1779,0.31803699006463726
1484,1367,0.21095054872521912
1484,1187,0.23682417891633
1484,1215,0.27758009613179213
1484,3953,0.6698823052617285
1484,4650,0.9299013459365018
1484,2503,0.3498105044828964
1484,2460,0.9857699562716455
1484,3210,0.7601623910423809
1484,5578,0.8866444820698616
1484,1322,0.848837644628897
1500,1436,0.28762515930306276
1500,4875,0.21060632134668267
1500,5010,0.3780544087229494
1500,5855,0.16657118201529642
1500,4228,0.04898070282484557
1500,6370,0.7899028476683264
1500,4874,0.8097779391741828
1500,5009,0.5696459524641833
1500,5854,0.08883611909653866
1500,4229,0.9341466866748258
1500,4265,0.010663748422079622
1500,3929,0.1531378785681995
1500,1437,0.7638120164708968
1500,5011,0.9624122206854508
1500,5856,0.11113983473075373
1500,4876,0.36096297315662274
1500,4227,0.12447732855877702
1500,4873,0.5402335727482105
1500,5008,0.2710342715388808
1500,5853,0.7448864213576315
1500,6369,0.3958347977271537
1500,4264,0.5923190700172211
1500,3928,0.7333168943392906
1500,4226,0.42614503374917867
1500,3009,0.17628657020695293
1533,1468,0.007837449676006747
1533,1469,0.6307924310785963
1533,6447,0.5636606686727841
1533,3579,0.9102790267777563
1533,257,0.20731293858888655
1533,6446,0.23334646570944506
1533,3578,0.7422247355893771
1580,1514,0.9660808871550086
1580,5540,0.3486989656414272
1580,3399,0.3855745915123706
1580,4333,0.3745843821500513
1580,1623,0.9885274195091555
1580,1515,0.7677206000417871
1580,5541,0.8039172934687827
1580,3400,0.31286071402272786
1580,3436,0.5375122173517738
1580,5081,0.9893804965268219
1580,4494,0.787395939179416
1580,5539,0.5758808472631995
1580,3398,0.25193017557104624
1580,1622,0.2962343746635554
1580,4332,0.47943757705351187
1580,600,0.042059932288673774
1580,5871,0.34602470417361686
1580,4493,0.9144413742407227
1580,5538,0.9766847442519951
1580,3397,0.7407318249355008
1580,5080,0.11031942041496956
1580,3435,0.39392268849877954
1622,1555,0.41404647862546773
1622,4224,0.9959245383951257
1622,512,0.5536372868800763
1622,1556,0.23694748111911712
1622,4223,0.25960932079512367
1622,6113,0.5398793383408494
1622,5992,0.5910773925427838
1622,4225,0.9806249338001475
1622,511,0.272201303311123
1622,3581,0.5576579333919117
1622,5993,0.44312405231714014
1622,6114,0.26698316853422943
1622,4222,0.9248911318239721
1622,5991,0.46159962212033057
1640,1572,0.3974829040398089
1640,5019,0.8515603376633084
1640,5864,0.8293932871881584
1640,1409,0.376031126439353
1640,2339,0.4795488239316841
1640,5018,0.48448997592967624
1640,5863,0.29993065965459487
1640,1408,0.14761425428970398
1640,1330,0.20171013622029688
1640,2338,0.18935989206776593
1640,5020,0.6764455304941915
1640,5865,0.5531702385885334
1640,1410,0.4277595152246888
1640,5559,0.6669625255400246
1640,1573,0.14374082776303987
1640,5827,0.547499341807151
1640,185,0.9315664813781999
1640,1329,0.3870476560329955
1640,5017,0.5941568824225367
1640,5862,0.70121642459116
1640,1407,0.9893401755342226
1640,182,0.3995206557460387
1640,1331,0.839635873424131
1640,5826,0.8477866515747788
1640,184,0.30115819995364146
1640,2337,0.46705032614570696
1640,5558,0.634035345313579
1640,1224,0.45277445173168396
1659,2837,0.596651747987603
1659,1590,0.3200734218421888
1659,6219,0.8928406718498993
1659,4739,0.3804499522408451
1659,4030,0.05705615175757661
1659,5897,0.455363353538611
1659,6663,0.9633514625869346
1659,95,0.8913833713034869
1659,2836,0.8486442486081017
1659,4241,0.3684514792918204
1659,2773,0.2117424168690415
1659,2838,0.30433389902131114
1659,1591,0.4427946768030986
1659,6662,0.08000949617365749
1659,6218,0.6516241036405829
1659,4738,0.17293565270018207
1659,4029,0.48184845128532217
1659,5896,0.1162100318533622
1659,4240,0.03608484880618845
1659,2772,0.8534459046253717
1659,6220,0.10977875631986611
1659,4031,0.3718240221771375
1659,6664,0.34187776648699963
1659,3590,0.5101699971047664
1659,6176,0.6128944850789686
1659,94,0.007618890778042675
1659,2835,0.37835855292081555
1686,1616,0.5230292523703037
1686,353,0.9162961124934246
1686,5442,0.9621590161589879
1686,352,0.990307681170858
1686,354,0.9723274899349622
1686,1617,0.014791380295023027
1686,5441,0.7093237794393902
1710,1639,0.8897863245042894
1710,3003,0.7176493127326931
1710,3526,0.11628957696408582
1710,2068,0.7641261840438781
1710,3525,0.5080823589340538
1710,2067,0.6961601120848113
1710,3002,0.8494334327984174
1710,3363,0.9652497445516949
1710,5133,0.30976333224683716
1710,1311,0.005585345883345472
1710,3807,0.6430746207400532
1710,2881,0.25909085822305
1710,5211,0.25341645443537986
1710,1640,0.5073103438209517
1710,3004,0.6908921277434528
1710,3527,0.6248097727808922
1710,2069,0.9230960347962295
1710,3524,0.40763188992689514
1710,2066,0.21024308752013066
1710,5132,0.1664952160086286
1710,3001,0.8464502338307944
1710,3362,0.02390092252741749
1710,1310,0.8470686517214272
1710,3806,0.009669234218132372
1710,2880,0.01839974012375023
1710,5210,0.827069990486555
1710,4563,0.08762934170267145
1710,6741,0.692784418981712
1710,35,0.9110345017801331
1730,1658,0.44368018705474743
1730,257,0.6407133070271271
1730,1659,0.747221021694694
1730,258,0.16986071967241978
1765,1692,0.10577191833687949
1765,368,0.9249894213241097
1765,2595,0.1760501567190763
1765,671,0.2575305631398781
1765,369,0.799830967042233
1765,1693,0.8685416546874327
1765,6001,0.6425290680914927
1765,2403,0.7823599881754915
1765,6652,0.2674902131780781
1765,843,0.12293352742662267
1765,367,0.12456660720327606
1765,670,0.21639819847937236
1765,2594,0.054650997200715534
1765,6653,0.636108445882705
1765,6000,0.30896956327293934
1765,2402,0.7823737937944459
1765,5695,0.12207602373509674
1765,842,0.007805534726943786
1765,366,0.022270327042815508
1788,1714,0.5236605620271664
1788,4866,0.18069610924962098
1788,5001,0.1717725073800649
1788,5846,0.4671837399181735
1788,3129,0.4240462787234538
1788,6498,0.5039251480442071
1788,1715,0.10621558577423007
1788,5002,0.6112255947145602
1788,5847,0.8542965771278855
1788,3130,0.35977643009267746
1788,6499,0.4915375893763039
1788,4865,0.590468538162038
1788,5000,0.5329865174917353
1788,5845,0.7936945196245185
1788,3128,0.6758200273020681
1788,6497,0.0695207884684087
1788,3166,0.28513864909323605
1788,3838,0.1155739078834026
1788,3066,0.15984813681300514
1788,4978,0.062408955495506846
1788,2355,0.6451164432814324
1788,3167,0.3741568412394529
1788,3839,0.42796103759968707
1788,3065,0.9001983739810879
1788,4977,0.28458611371131604
1788,2354,0.35908361999270744
1788,4999,0.507361950475102
1788,5844,0.8818288890780366
1788,3127,0.9090531432088614
1788,6496,0.9441304944250134
1788,3165,0.9506643722905505
1788,3837,0.6785424866299982
1788,5645,0.5392063431768768
1788,3416,0.1932234729424248
1798,1723,0.4897303012342291
1798,86,0.7073508893252539
1798,87,0.35434288203595665
1798,1120,0.21848604553392004
1798,6150,0.12017580774615233
1798,1724,0.14974731481912917
1798,4066,0.6370586435833934
1798,874,0.18119517721773615
1798,1347,0.5576834392095049
1798,5048,0.15833670831608382
1798,85,0.459512293259015
1798,2651,0.8064259048040775
1798,3373,0.2464592337112791
1798,5049,0.9072736622890907
1798,1119,0.932426329691773
1798,6149,0.8664132341640132
1798,5047,0.47184002518059
1798,4065,0.11746184341129606
1798,873,0.16150459486538116
1798,1346,0.7616215088602749
1798,537,0.4947510085521233
1798,18,0.07105154603686081
1798,84,0.4673336600506547
1809,1733,0.4002294677885281
1809,1734,0.9163411329778605
1809,465,0.6854502667011436
1825,1710,0.18893221193993137
1825,1748,0.06073375339400355
1825,1915,0.9593763770243688
1825,6605,0.6860009650909876
1825,4573,0.9800718398208257
1825,45,0.3101866625683233
1825,4022,0.04400548389787062
1825,1914,0.997249166456683
1825,6604,0.25222535755625874
1825,4572,0.9684487055744991
1825,44,0.31523775553091016
1825,4021,0.4067792662013352
1825,1709,0.24408010725940144
1825,1711,0.01764205303722899
1825,5153,0.3289952911008206
1825,415,0.4133238040442382
1825,1749,0.9119419886456755
1825,1916,0.5020602436226559
1825,6606,0.7440632320838552
1825,4574,0.5842837566569776
1825,46,0.4825728017781701
1825,4023,0.4070103516963748
1825,5152,0.06326725034827618
1825,414,0.21654541862971555
1825,1913,0.20511385823742712
1825,6603,0.9018465104575007
1825,4571,0.8031658684183033
1825,43,0.020518972458916873
1825,4020,0.964349642618189
1825,686,0.8143385539712436
1825,1708,0.22430530158047834
1825,1152,0.9844466576290964
1825,5154,0.0839979872940203
1839,1761,0.10894463520398467
1839,3410,0.6634337649459822
1839,3832,0.7131053587674172
1839,4582,0.029239464283351335
1839,6760,0.7042573730703601
1839,1762,0.4200150144905208
1839,3411,0.829237598776107
1839,3409,0.8201147454886917
1839,625,0.8365724503753328
1839,4581,0.8637055281858577
1839,6759,0.8548244829255547
1839,3408,0.7335008947763457
1848,1769,0.9738440480363796
1848,4527,0.46769023342115135
1848,1770,0.4382000805167833
1848,1434,0.6757784445445375
1848,4240,0.5862170671266989
1848,4526,0.34696835697982387
1848,1433,0.8484166996913158
1848,4239,0.8624650369245821
1848,4525,0.33529302336845346
1848,236,0.5465850555083215
1864,1784,0.06238478272550929
1864,5292,0.19831765395665746
1864,5056,0.9156054078268893
1864,5293,0.16246296615426736
1864,5057,0.3986313529461636
1864,1785,0.5798790516815402
1864,4713,0.2768283597432102
1864,143,0.2480783866198163
1864,1729,0.15788993245272176
1864,5291,0.6148079935578169
1864,5055,0.6302547267070393
1864,4712,0.16807859309238993
1864,142,0.17182429431663815
1864,1728,0.046297711163727495
1864,561,0.8666261032345107
1864,5398,0.8490730591016239
1864,6395,0.816960660451652
1864,5290,0.06991585739070927
1864,5054,0.6887459687907551
1897,1816,0.34514514213753567
1897,2149,0.5802183468889609
1897,875,0.868978643531582
1897,5889,0.23919435188839244
1897,2150,0.006527639896079629
1897,5888,0.16119103677905855
1897,5890,0.37726005051927725
1897,1817,0.06981176910750386
1897,2148,0.8963806247674295
1897,874,0.42288333449035775
1897,5887,0.10382302636471763
1897,2147,0.8878683484853573
1897,873,0.32328123122204855
1897,537,0.622257178276865
1897,18,0.2849593330188174
1917,1835,0.8448765728680036
1917,5573,0.26207535260280523
1917,277,0.5874349894272501
1917,2098,0.9368331953951491
1917,4675,0.7709073972773721
1917,857,0.866817283372025
1917,276,0.9618425008418904
1917,1836,0.2477381404634128
1917,5574,0.9243070912708725
1917,5572,0.18190978568921012
1917,6091,0.15430075323166437
1917,6090,0.4713061878300877
1917,4674,0.8083345743171759
1917,655,0.13202868407940926
1917,2099,0.2820470790148636
1917,275,0.3401764365230182
1917,856,0.901824204404978
1917,5142,0.47734141404106145
1917,380,0.1985768483500181
1943,1860,0.6435905196412892
1943,4410,0.026344103581225742
1943,3381,0.06812146223241866
1943,1161,0.6073989463118967
1943,956,0.1625222297542801
1943,4409,0.38330464258853225
1943,3380,0.0703906875521656
1943,3493,0.5936234107529047
1943,4251,0.22999321410211604
1943,1682,0.4490286910420507
1943,1160,0.07363311367614622
1943,955,0.027971876416926
1943,5063,0.5085586160804658
1943,755,0.2554660449263164
1943,426,0.6655625622612638
1943,1684,0.22838761637655902
1943,1861,0.8124301357842367
1943,4408,0.6879840295950973
1943,4757,0.8019796023043384
1943,3492,0.9847900872744747
1943,4250,0.45405890972488183
1943,6459,0.05362023271318073
1943,1681,0.5077596934833343
1943,5062,0.07316419531119023
1943,754,0.3825738096003122
1943,1656,0.9432937510337078
1943,425,0.9081957678284738
1943,3494,0.720699419439271
1943,4252,0.553144138552344
1943,1683,0.025174120159675573
1943,1159,0.915247984272472
1943,954,0.46537798326500923
1943,752,0.7165574520778197
1943,4976,0.8961076550604417
1953,1869,0.04473550308375507
1953,3386,0.887713236081237
1953,961,0.6604204358584508
1953,328,0.3545496048197466
1953,3695,0.5213873773396249
1953,3385,0.040142150647099584
1953,960,0.044591473416081495
1953,327,0.27383328291548925
1953,3696,0.09716093765654799
1953,1166,0.37961970191207906
1953,1866,0.9575519838580243
1953,1689,0.7546656561728209
1953,3694,0.5828638912833459
1953,5031,0.7907896144728722
1953,1870,0.11434095626534646
1953,3387,0.5449432605563658
1953,962,0.25276037287083164
1953,329,0.049680796412884476
1953,3384,0.4645971141635762
1953,959,0.661451550864636
1953,326,0.17941075996660205
1953,1165,0.9696524351159477
1953,1865,0.7920709405459078
1953,1688,0.6649373564076506
1953,1167,0.9665209229500777
1953,4981,0.03077095004416064
1953,793,0.24541183602089223
1953,3693,0.9225790101757498
1981,991,0.48588721503202625
1981,1896,0.4218424516009127
1981,466,0.9532852963720294
1981,992,0.5421305868169439
1981,1897,0.9152439936289929
1981,4928,0.7493607584930139
1981,2702,0.5038660999946197
1981,465,0.015066058178628716
1981,4927,0.22793417194759946
1996,1910,0.3398410681535451
1996,2493,0.03761998323442539
1996,6034,0.05928688994728437
1996,6600,0.5546099038863012
1996,124,0.43133639602945983
1996,1097,0.7569940136205624
1996,2031,0.7997218138073009
1996,4568,0.8485754656467478
1996,6746,0.01021985710941442
1996,40,0.7281828674901222
1996,4017,0.32024851073846106
1996,5148,0.06884965699885737
1996,2449,0.27489573882673546
1996,1911,0.24906557796450735
1996,2494,0.2892602341911824
1996,6601,0.25158501390059773
1996,125,0.9130659059561118
1996,1098,0.9771535741860968
1996,2032,0.03955599461338344
1996,4569,0.8249871720123694
1996,6747,0.6581330855717071
1996,4018,0.7481710358810971
1996,6599,0.5145543206318189
1996,123,0.7127347809968377
1996,1096,0.2895479147204111
1996,2030,0.9208714330982238
1996,4567,0.2326678786840044
1996,6745,0.5747810256900322
1996,39,0.3827361004975389
1996,4016,0.9745953326606155
1996,6033,0.2416702603501788
1996,1316,0.18961607317590723
1996,2886,0.967876519417653
1996,5216,0.18574761719189226
1996,5149,0.90868396239337
1996,2450,0.5887778529137878
1996,5147,0.03083456947234897
1996,2448,0.32940302151819945
1996,6598,0.25503116764117484
1996,122,0.3338512220550087
1996,1095,0.7047922253220354
1996,2029,0.3086206890832739
1996,4566,0.6961803847327985
1996,6744,0.11972671441408256
1996,38,0.09591549875109007
1996,4015,0.5743390933657472
1996,1315,0.03295933522588734
1996,2885,0.05004862302960167
1996,5215,0.37946454841073907
1996,6032,0.8726939545488172
2035,1948,0.9008751762808949
2035,296,0.1509248081711171
2035,2647,0.4867439109160365
2035,3185,0.551771331969095
2035,297,0.366293358762955
2035,1949,0.7043044043057567
2035,6253,0.5399253373336984
2035,3377,0.4137086677398095
2035,295,0.402651720773488
2035,2645,0.8144122578868657
2035,3183,0.1557313811623483
2035,451,0.3584822842802583
2035,2747,0.4485324741285843
2035,2646,0.8039229433536255
2035,3184,0.15111091015005285
2035,6252,0.1833249524651227
2035,3376,0.8662789936740476
2035,294,0.026459600645143633
2035,450,0.844226107762933
2035,3182,0.4483840033574089
2035,2644,0.5988899231611731
2068,1629,0.33493127914012977
2068,2756,0.22736901712271695
2068,1980,0.33346922295710957
2068,1630,0.4759240538088444
2068,1981,0.2539967010882853
2068,1440,0.7949038032218444
2068,6120,0.7759639337706484
2068,1561,0.37903231109380586
2068,669,0.1902011411097323
2068,606,0.3679584360017757
2068,1628,0.497271643636672
2068,2755,0.7123449006396139
2068,1439,0.5038704973220779
2068,5726,0.17917314485341895
2068,607,0.45745368604456504
2068,6119,0.369822788303958
2068,1560,0.6717656088985046
2068,2404,0.11087095082907006
2068,1355,0.7525709088050351
2068,90,0.09589574008539681
2068,605,0.4972840792458987
2068,1627,0.7379217623192933
2068,2754,0.6237920859809677
2079,1990,0.5587589713087249
2079,5809,0.2023185530625763
2079,725,0.1023824083562559
2079,98,0.5190256922143193
2079,6225,0.934656315713073
2079,4471,0.06154168454350095
2079,2842,0.7940315594510242
2079,99,0.6913245458450357
2079,1991,0.17851941121667825
2079,5808,0.6782545150041057
2079,724,0.17186406321864534
2079,2840,0.9618273035857681
2079,5810,0.630585050569484
2079,726,0.45851530326078416
2079,97,0.8151964211784672
2079,3595,0.37338209869657346
2079,6224,0.8295558193733218
2079,4470,0.18835675699398202
2079,2841,0.368877153123084
2079,6545,0.8890402531950435
2079,5807,0.9163368883020663
2079,723,0.5815428073048635
2079,6222,0.8660631587604402
2079,6666,0.4383281920580625
2079,2839,0.7281296941916124
2079,3594,0.8438963843103524
2079,96,0.5018251480057311
2103,2013,0.3923753988303301
2103,2735,0.6840940520968044
2103,2992,0.265356493134573
2103,5249,0.87059604262352
2103,1829,0.714933779544221
2103,5939,0.5590833768150643
2103,2736,0.5454818823262145
2103,2993,0.2035081699203174
2103,5250,0.91524723658168
2103,2014,0.10844986040372095
2103,5233,0.12960768373893783
2103,4626,0.0247733525859124
2103,2285,0.2812077661376887
2103,6076,0.8881212269653104
2103,2002,0.49113670008223353
2103,6642,0.9380174577567225
2103,1827,0.23134393772901085
2103,1292,0.20271045127361076
2103,2734,0.4786595869168926
2103,2991,0.21355106459255035
2103,5248,0.185750274235028
2103,6343,0.21048750873273114
2103,1828,0.07910234147867046
2103,1293,0.2978915208051134
2103,5938,0.7992762777045851
2103,2200,0.4957804733714237
2103,5232,0.33949126982004507
2103,4625,0.7921752257367477
2103,2284,0.3111872387938893
2103,3902,0.11586779774412426
2103,6075,0.6510323972355615
2103,2001,0.23723675076936324
2103,6641,0.25632811355850116
2103,1826,0.45738837383655984
2103,1291,0.3777798593810179
2103,2733,0.060089681327246125
2103,2990,0.0684443065811714
2103,5247,0.7644098954799498
2125,5243,0.22708111914761797
2125,2034,0.6348181324641179
2125,2035,0.7706810648925467
2125,5242,0.9192100794778091
2125,5244,0.6812943723171061
2125,3807,0.3247876366036613
2125,3806,0.5944687791450586
2125,5241,0.0960887181322303
2134,5184,0.26900586416970673
2134,2042,0.7491597752737056
2134,3331,0.5766423705813556
2134,5608,0.03994372547911074
2134,2854,0.9799079476887397
2134,1540,0.9302482878923428
2134,6430,0.7160841423820584
2134,4818,0.6508578249452964
2134,2184,0.8395235695312316
2134,4816,0.13858906012372518
2134,3330,0.8594987196512874
2134,5607,0.183004758632053
2134,2853,0.22591731817990723
2134,3332,0.2157774969872145
2134,5609,0.6278240740695832
2134,2855,0.4941612794389596
2134,5185,0.9017477102670662
2134,2043,0.1523717640349026
2134,915,0.5654048019556319
2134,6191,0.2330711819115554
2134,2696,0.10784773576408901
2134,2185,0.9697173032970571
2134,4817,0.08516513757388511
2134,1539,0.8133861246206937
2134,6429,0.12253908699127958
2134,2183,0.6264151996550467
2134,3329,0.7524469770135823
2134,5606,0.38413351809360197
2134,2852,0.5303560208489209
2134,914,0.3093424228260093
2134,2695,0.14743400527663597
2134,6190,0.2847829560852141
2134,4815,0.6535566589163461
2134,6723,0.097790269147915
2164,2071,0.6745076095345868
2164,2072,0.176870157432518
2164,4230,0.2993554308854802
2164,2889,0.1340026593224556
2164,2890,0.561400059895151
2164,4229,0.69165280893874
2164,3830,0.22361372442227911
2164,2888,0.5694926373722371
2177,2083,0.2760105015419888
2177,2084,0.5003184651004957
2193,2098,0.8013174707221628
2193,5463,0.6202664368613147
2193,3271,0.32076106751418076
2193,5462,0.44310764537066116
2193,6090,0.8476832382471471
2193,3270,0.3490248625690189
2193,655,0.9933928053186798
2193,1835,0.9047221951132614
2193,5573,0.45218145211927485
2193,170,0.47927580993789654
2193,2099,5.184305169714243e-06
2193,5464,0.7082021900810471
2193,3272,0.9968733672051484
2193,3269,0.7603450871052375
2193,654,0.9389688968930581
2193,5325,0.7756701097867238
2193,6089,0.9050949221484161
2193,5572,0.285122180370719
2193,169,0.8058897436744636
2193,656,0.18117263078654078
2193,3202,0.2138677473281585
2193,4415,0.9775615285552818
2233,2137,0.7837835479031036
2233,3310,0.4297920901912564
2233,863,0.8974370892040313
2233,2229,0.59692615792375
2233,895,0.3594997223675156
2233,1518,0.7595919733558325
2233,5544,0.17551071120910333
2233,5424,0.4156904046470047
2233,2230,0.43480728422724557
2233,896,0.3830174120130755
2233,1519,0.31967704641305783
2233,5545,0.8227130857708733
2233,5425,0.41757421429866226
2233,2138,0.017467006084538994
2233,3311,0.8361458517019301
2233,864,0.9897038176119674
2233,3404,0.40366585453826265
2233,5327,0.6114439899450397
2233,5487,0.044992817348533665
2233,862,0.3299536797103112
2233,3440,0.5110903391425796
2233,4498,0.6063824725495821
2233,4934,0.46535452719440007
2233,2228,0.7354720033373828
2233,894,0.37530333919308156
2233,1517,0.5574316922238934
2233,5543,0.7417597667647802
2233,5423,0.3077600340381238
2233,5875,0.5816416524179758
2233,5796,0.2532113445692792
2233,3403,0.3071748992519254
2233,861,0.2934751812892481
2233,3439,0.5400262585585599
2233,4497,0.06987717206011301
2233,4933,0.6270759227187457
2233,2227,0.3252095601037769
2233,893,0.8945679370195744
2233,1516,0.48764017054522324
2233,5542,0.0967336659290069
2233,5422,0.2735028772789547
2257,2160,0.5947739408245374
2257,5101,0.7011906095037842
2257,4954,0.45115983314166264
2257,5347,0.41865401611462927
2257,6262,0.726548809660577
2257,5929,0.74619943618822
2257,4379,0.7842748892396151
2257,2161,0.4405155291661076
2257,2156,0.8740575781874446
2257,395,0.6169301462099508
2257,3897,0.4956265618136316
2257,4762,0.35392380990700634
2257,4953,0.46372685722359164
2257,5346,0.34744582725862794
2257,6261,0.5015533847498753
2257,5928,0.93317288238621
2257,4378,0.7382245619630996
2257,6263,0.9624365416800379
2257,5930,0.10168839602551916
2257,4380,0.38712178878508285
2257,5102,0.7414407271862993
2257,2155,0.6624871455969957
2257,394,0.7462584577888413
2276,2178,0.7433580881221583
2276,5791,0.8876388690945436
2276,2570,0.3172500815284178
2276,2179,0.0288131183840048
2276,2848,0.01323567602439768
2276,5790,0.8987553661570984
2276,2569,0.5097965670505987
2276,2567,0.9189666358691322
2276,6543,0.6725435433744676
2276,4160,0.4568243263027514
2276,1150,0.15210698276937118
2276,2847,0.30654004367678567
2276,1148,0.11275121586798886
2276,5789,0.8774301466772297
2301,2202,0.8548740612074944
2301,1270,0.08059932133967185
2301,2055,0.28954877258819767
2301,711,0.7081520975079654
2301,1271,0.6850596161213388
2301,2056,0.6212082354948827
2301,2203,0.26820290414089787
2301,710,0.42686553015898343
2301,928,0.7138321616977727
2301,6204,0.7433853956936501
2301,1808,0.3204065621223283
2301,3794,0.39728554152114826
2301,1553,0.7593640741499732
2301,4853,0.3665463317422353
2301,6443,0.16059320572778923
2301,3575,0.06681949937321352
2301,3996,0.2972432672916705
2301,1269,0.47194708297190824
2301,2054,0.11130881789570157
2301,927,0.4176775350263242
2301,6203,0.01004626163529898
2301,1807,0.12363570977328897
2301,3793,0.1938535239596434
2301,709,0.9214769144199346
2301,3995,0.5564415887415235
2301,1552,0.6695799263221829
2301,4852,0.6881825808868334
2301,6442,0.5554997169907319
2301,3574,0.9137155463816623
2301,2053,0.02453295483499518
2301,1268,0.04658344187944441
2321,2221,0.30546179836591014
2321,887,0.9562925446315224
2321,2222,0.8302865957325369
2321,888,0.3486556192972642
2321,4221,0.9371740359782971
2321,3432,0.6659900997795197
2321,4220,0.9902482212189877
2321,6298,0.2594169721150702
2321,226,0.2037827786971368
2321,3431,0.1365117309168158
2367,2266,0.7945884737091389
2367,4607,0.7734919759914702
2367,1385,0.9858935745462348
2367,4608,0.47915303761918193
2367,2267,0.08384943262819855
2367,1891,0.11056069495113174
2367,5799,0.26155456916148156
2367,3739,0.26777029661238216
2367,1386,0.36450729956346917
2367,2232,0.9735558791814264
2367,898,0.6590065456641531
2367,1521,0.7858456038211961
2367,5547,0.7507591900041326
2367,5427,0.22675683165737115
2367,3313,0.5589568653072362
2367,530,0.5288589807088718
2367,1384,0.8845559787716315
2367,4236,0.18071626123460838
2367,4606,0.2120152292562233
2367,5800,0.42325470265283804
2367,3452,0.8469551591689529
2367,6053,0.4359793090583718
2367,1890,0.769920656059047
2367,5798,0.3390350434799718
2367,3738,0.8182430204022368
2367,1383,0.2846236018647764
2367,529,0.4848974044914568
2367,2231,0.5799494004672145
2367,897,0.8330613989383808
2367,1520,0.3172462273298844
2367,5546,0.02277731467481836
2367,5426,0.8532292197198584
2367,3312,0.9712684416043554
2367,4605,0.14867016577548708
2367,4235,0.130472419924069
2389,4860,0.2788839349601977
2389,2287,0.1375325388613141
2389,4861,0.6197777593417416
2389,2288,0.6431198147637239
2389,6660,0.20601798353425727
2389,1632,0.9513585147815465
2389,1983,0.8128867105446619
2389,6005,0.29148150994555555
2389,2407,0.18729413271830997
2389,4859,0.9219362733021376
2389,6659,0.5362394827113398
2389,2408,0.8739749765125019
2389,1631,0.4717090323896862
2389,1982,0.11232698409368214
2389,4858,0.7227968432085959
2389,1696,0.38760603534997473
2389,6004,0.47134202648113765
2389,2406,0.3049137492457312
2405,2302,0.23819191863383737
2405,5650,0.40649984762856606
2405,3506,0.8526190527558536
2405,5649,0.44348406973446475
2405,3505,0.18028015325626057
2405,5627,0.1400398557606185
2405,4593,0.4387602058745117
2405,2303,0.6212555291318234
2405,5651,0.1208502066931777
2405,3507,0.8083503149706018
2405,5648,0.7141903305377675
2405,3504,0.24192015538410672
2405,4352,0.29619434818483203
2405,1038,0.3059412341530878
2405,5626,0.2524261505784142
2405,4592,0.6525354964411566
2425,5704,0.4915256929149059
2425,2321,0.47350209951598476
2425,5888,0.4993699152313392
2425,4514,0.5583092472235478
2425,2576,0.27493651993006407
2425,4513,0.8108535157325771
2425,2575,0.7765649496819412
2425,2651,0.7234668163224264
2425,5887,0.07336846050660484
2425,875,0.6187068709862403
2425,5889,0.440172453942831
2425,4515,0.8137599113480604
2425,5705,0.22042096914737208
2425,2322,0.6579551033109198
2425,2650,0.42048005360797946
2425,3188,0.07872791139448809
2425,2574,0.42729653704196735
2425,4512,0.7311696301851237
2425,5886,0.07543652967612613
2425,1120,0.8788378006499614
2425,874,0.5060926125898342
2446,2341,0.02045921690298025
2446,5963,0.8419390371431288
2446,1646,0.8817137229730628
2446,3533,0.8969772119370548
2446,5962,0.5144175789297185
2446,1645,0.06877194640573647
2446,3532,0.5701006600996161
2446,255,0.7873155147769247
2446,4184,0.6475016649283927
2446,3370,0.1829500695678392
2446,5140,0.43523258058991343
2446,6094,0.30160648029878323
2446,3534,0.4187720131289918
2446,1318,0.8595599537471412
2446,2342,0.49757373954417294
2446,5964,0.2516860657827462
2446,1647,0.8894297171678456
2446,1317,0.8975393395766833
2446,5217,0.3748509901396898
2446,1644,0.7464460056984258
2446,3531,0.3357969691161288
2446,254,0.5827370565985752
2446,4183,0.139242599799679
2446,3369,0.31193662932791666
2446,5139,0.6146457641774619
2446,6093,0.6842797849010076
2446,1912,0.9629311926505532
2446,4570,0.8679579119842823
2446,42,0.49966735223629644
2463,6096,0.6903915159667899
2463,2357,0.42047942654733195
2463,1157,0.6313918955203781
2463,1654,0.9694494895654234
2463,6097,0.5800768052513909
2463,2358,0.7795494637923269
2463,1753,0.9117270402198542
2463,1755,0.24041381093669822
2463,1653,0.303189967163667
2463,1752,0.23713779305422478
2463,6609,0.9727569491448649
2463,1156,0.3133597465469553
2463,4093,0.15085192296347916
2463,1754,0.11777768679265166
2492,2385,0.06862864290635862
2492,1000,0.8814918438546796
2492,1905,0.9647645462350442
2492,999,0.6777810538137953
2492,1904,0.5872927334435988
2492,4284,0.4774070555882918
2492,2386,0.5544484984356591
2492,1906,0.7129541818136408
2492,3553,0.04905134953274315
2492,4283,0.9605227849288267
2492,998,0.7885691615935485
2492,1903,0.21733946814628213
2492,3266,0.03995376338512524
2492,3552,0.1530690188430861
2510,6000,0.7757039233402423
2510,2402,0.541422225325886
2510,5999,0.19102950995068646
2510,6001,0.3115402417704337
2510,2403,0.18107514909691813
2510,604,0.6440542837123502
2510,5042,0.5729673605925034
2510,603,0.7781590372598436
2510,5998,0.594085253903715
2510,3586,0.2059269148501801
2510,715,0.08772383327951905
2510,1692,0.5288220504978273
2525,2416,0.30641451175169143
2525,5352,0.26404455959431317
2525,6267,0.17001842809428358
2525,5934,0.08312980347633958
2525,4384,0.21436778127676448
2525,6268,0.8197542876772983
2525,5935,0.7042934585352466
2525,4385,0.3491701315531458
2525,2197,0.6700768783199039
2525,2417,0.4298166078011997
2525,4767,0.474634667083771
2525,5351,0.061665644211041926
2525,6266,0.3510793027820125
2525,5933,0.9993686266785291
2525,4383,0.6135717671733597
2525,3676,0.016933736014157375
2525,2196,0.31016665447315683
2525,4768,0.08492547106725423
2525,1244,0.1916884612983325
2525,772,0.9216020263017277
2525,4766,0.1690894610699536
2525,4957,0.16566400232495038
2525,5350,0.2202778370910108
2525,6265,0.5193816609904698
2525,5932,0.024509220906458018
2525,4382,0.055466237402221896
2545,2435,0.565968997863898
2545,6619,0.4625762036302259
2545,6618,0.1580474001882769
2545,2210,0.47518242387343423
2545,2436,0.10216459507578968
2545,6620,0.8287666774648018
2545,6617,0.3360878102597079
2545,2209,0.5696232600465211
2588,2477,0.45769474285668
2588,4845,0.09376192828035546
2588,3567,0.23966393168022082
2588,160,0.6648258263989143
2588,5596,0.9699099280394632
2588,1070,0.10021087388238548
2588,3566,0.5319410035591353
2588,4844,0.29068137994330323
2588,5352,0.35592389445042727
2588,4050,0.9349606501380627
2588,4846,0.6638626382608727
2588,3568,0.8036578881651223
2588,2478,0.5053981913303065
2588,159,0.6423200524012542
2588,5595,0.16410489614245605
2588,1069,0.7400499971565804
2588,3094,0.36327654975587476
2588,161,0.5077634691197693
2588,5597,0.36770030995942315
2588,1071,0.2885412342754198
2588,4843,0.0904027906079331
2588,3093,0.9968033060604625
2588,5351,0.8520646160500048
2588,4049,0.3404396869649853
2588,158,0.1505609380924976
2588,5594,0.5957472983149847
2588,1068,0.8733714693544893
2597,2485,0.58455787336332
2597,3406,0.854262368685664
2597,2486,0.5627070442485022
2597,3405,0.9117328341140497
2597,3404,0.9193837384588291
2597,2475,0.6351770279954568
2606,1910,0.9566951155354166
2606,2493,0.11413871882001436
2606,6034,0.8327847404895226
2606,2031,0.9831113595469728
2606,4568,0.4767172299315384
2606,40,0.2948930474017937
2606,5148,0.6703802911637089
2606,410,0.05107397313057016
2606,2449,0.38667455060322065
2606,1911,0.8474360556246839
2606,2494,0.6748756803169366
2606,2032,0.14440556076284583
2606,4569,0.8198095857939646
2606,41,0.21932269193832366
2606,2030,0.9356874425895079
2606,4567,0.37191212467886525
2606,39,0.4877215771102248
2606,6033,0.815207977513319
2606,1316,0.6431719198971486
2606,2886,0.12060827161642351
2606,5216,0.529441275178423
2606,5149,0.5468128733094817
2606,411,0.382343378497106
2606,2450,0.9667138531029494
2606,5147,0.8675484249032519
2606,409,0.4062693058594268
2606,2448,0.6577045952843588
2606,2029,0.07817600463005736
2606,4566,0.6397509969699869
2606,38,0.3259590258383439
2606,1315,0.2829718204155739
2606,2885,0.6962024487807881
2606,5215,0.015320862560506021
2606,6032,0.6213749579695007
2633,6476,0.36948427605884004
2633,2519,0.6355671562837772
2633,4720,0.8502093855144174
2633,1718,0.9104498109795678
2633,4870,0.023122369905619555
2633,5005,0.03430747782247889
2633,5850,0.39546294109813707
2633,3133,0.9500385556490633
2633,6502,0.21655215683332774
2633,6354,0.04326349483588665
2633,5982,0.07000893485391568
2633,1933,0.7400654692661934
2633,3775,0.9987341417865947
2633,5172,0.14620496994117427
2633,6477,0.8202296125122824
2633,5813,0.7321377509482139
2633,3070,0.9197653333551563
2633,4982,0.17989614234536722
2633,4260,0.5188452886733605
2633,62,0.47181797766832856
2633,2520,0.6225151706664811
2633,4721,0.548438324414888
2633,1719,0.8677179852514783
2633,4871,0.7421617237329157
2633,5006,0.46865348958739594
2633,5851,0.06944431277460561
2633,3134,0.9436569519778493
2633,6503,0.8220743692247618
2633,6355,0.9997494835472458
2633,5983,0.49290580867241374
2633,1934,0.19766745876067138
2633,3776,0.10853062942447023
2633,5173,0.9845938249157368
2633,6322,0.8664486490412833
2633,4719,0.6511666950737263
2633,1717,0.9878119923759506
2633,4869,0.7130691010406803
2633,5004,0.6852964223573014
2633,5849,0.3722911234303027
2633,3132,0.38368268374947934
2633,6501,0.3148346187021641
2633,6353,0.007307769325014757
2633,5981,0.7370167694398305
2633,1932,0.9225368506154348
2633,5171,0.310599687796125
2633,3774,0.7696623788328252
2633,3170,0.09627210718564139
2633,3842,0.31027168092827073
2633,4592,0.20157603526476797
2633,5812,0.5450173700024095
2633,3773,0.931190789362944
2633,3069,0.6265285351301626
2633,4981,0.5536035976632917
2633,4259,0.7791754798735282
2633,61,0.03332860115335212
2633,4231,0.472326825747986
2633,6321,0.2888958562184121
2633,3171,0.8037382723278309
2633,3843,0.27934915576324915
2633,3169,0.5313461678592758
2633,3841,0.9990332602825234
2633,4591,0.2243586757645325
2633,4718,0.109647801887087
2633,6352,0.19455647938077092
2633,1716,0.7841160290883004
2633,4868,0.595059923270183
2633,5003,0.2809831311061509
2633,5848,0.9376571850662635
2633,3131,0.9168320353796386
2633,6500,0.3570295364481405
2633,5980,0.9668236968219552
2633,1931,0.6321840890243032
2633,5170,0.6415373355189022
2633,6319,0.21659953006095556
2633,3420,0.5648717801053506
2676,2561,0.5141859875742264
2676,5291,0.4927699559612724
2676,6695,0.5024671557197555
2676,345,0.4104800588561075
2676,5055,0.22353673128143792
2676,5292,0.1349303838127589
2676,6696,0.49529732462828924
2676,346,0.4338299040264876
2676,5056,0.9951002562617717
2676,2562,0.39200519068442174
2676,6538,0.7432407091227057
2676,4155,0.2750512966939389
2676,4712,0.29996413465528393
2676,1728,0.6604808221950798
2676,561,0.22083744843644848
2676,5290,0.3794326867290164
2676,6694,0.7560667741272097
2676,344,0.9588895380822331
2676,5054,0.06516790073787249
2676,560,0.07614197101205622
2676,6537,0.21699839536203258
2676,4154,0.0578633346680838
2676,4711,0.7473764099200763
2676,1727,0.6236716126481024
2676,5289,0.9774544194702467
2676,6693,0.2133588716032675
2676,343,0.08842196876620279
2676,5053,0.03139199130947057
2690,2574,0.4040446795021201
2690,4512,0.9695591041297161
2690,4513,0.19190040614702986
2690,2575,0.22929423670016136
2690,2651,0.6812324010911184
2690,5887,0.9253148248286311
2690,4511,0.9595486952456591
2690,455,0.5164997301723298
2690,5886,0.4188477937201268
2690,1120,0.015728907259589864
2690,2650,0.06530638468055672
2690,3188,0.21952431065825395
2690,3877,0.33837578470409513
2690,4213,0.7557507496162146
2690,454,0.21342906770328063
2690,4510,0.9677056570744716
2714,2597,0.11881374648557219
2714,1326,0.874475042737866
2714,588,0.9416856449578094
2714,6330,0.3400715909759049
2714,6331,0.9861119112550903
2714,518,0.3472201293228623
2714,1426,0.4791158491407771
2714,2508,0.03732514544083987
2714,2465,0.28228148322245394
2714,4248,0.5761145822047684
2714,2598,0.11007153108779588
2714,1327,0.09731645081805962
2714,589,0.03926035347488954
2714,6484,0.8670264106433446
2714,5472,0.15444575428239737
2714,1325,0.1663115622957122
2714,587,0.5227283989247808
2714,6329,0.3197816001194741
2714,4247,0.7943964042230512
2714,517,0.08334907610164544
2714,1425,0.8932022477946246
2714,2507,0.18084160161330398
2714,2464,0.137423140394193
2714,3042,0.7059668309411399
2714,1324,0.05122517557410933
2714,586,0.06679694233126576
2714,6483,0.052351796299399456
2714,5471,0.09805748521290036
2714,6328,0.8695186079618993
2714,2106,0.5488047967602473
2714,4683,0.6668659369715682
2734,4890,0.9980501098905223
2734,2616,0.00955359832166136
2734,3564,0.19176680453247497
2734,3213,0.7089669138214711
2734,3025,0.13668807852812304
2734,3563,0.9362258852739855
2734,4891,0.5234017974946447
2734,2617,0.0776545726867296
2734,5552,0.09177429861016206
2734,5586,0.41613024539310717
2734,3214,0.315583133093738
2734,3026,0.7925852798530867
2734,3212,0.3587211493658662
2734,3024,0.0018527462404543948
2734,5585,0.007003917692234296
2734,3562,0.9387347995987154
2734,5551,0.8975959790485301
2762,2643,0.37443208441071696
2762,5059,0.6828956410349228
2762,2846,0.7392030279927674
2762,3182,0.7710868701740149
2762,2644,0.5712731698687461
2762,4716,0.6100018563441568
2762,5058,0.6205909684198122
2762,2847,0.8399235537872997
2762,4715,0.8081922083186688
2762,1731,0.2539655800431263
2762,2096,0.9108854167024635
2762,5293,0.14724893268023254
2762,5057,0.17378445698293288
2773,2653,0.8496457740957849
2773,3289,0.45017686236410903
2773,2654,0.8096484438797786
2773,6723,0.0663957673800093
2773,4309,0.6936976024030004
2773,1588,0.2789699354881351
2802,81,0.5381125540880781
2802,2681,0.12387405533398166
2802,5803,0.6961036132136247
2802,80,0.19198986075320745
2802,6145,0.39795595869123124
2802,5586,0.42547437141019695
2802,82,0.08601163294529834
2802,2682,0.9337336738404955
2802,5881,0.3511694736310391
2802,1894,0.02264646133896553
2802,5802,0.7416628809854823
2802,1115,0.30004359756909704
2802,901,0.04493147936909658
2802,1524,0.934865980330199
2802,5550,0.741769108868613
2802,4061,0.09013408333523254
2802,2143,0.8863767873288868
2802,3316,0.26740174753798773
2802,869,0.742157903931459
2802,1342,0.49770678240110144
2802,533,0.007822358039798805
2802,14,0.9514866066852458
2802,5804,0.27300180375827465
2802,900,0.5716233176002201
2802,1523,0.26752419572662633
2802,5549,0.5931724669840245
2802,5429,0.4245185975075698
2802,4060,0.352754973126823
2802,2142,0.19431428736286693
2802,3315,0.579247948214882
2802,868,0.4489375105021094
2802,1341,0.0970637208502656
2802,532,0.8350941413572825
2802,13,0.3361898837848978
2802,79,0.5210443595294408
2802,5880,0.4104560731141216
2802,1893,0.5720609000381315
2802,5801,0.3099066319857653
2802,1114,0.9047042148204809
2802,5585,0.35234528989300207
2802,5882,0.9621894041296024
2802,6144,0.5699849590447441
2802,3455,0.17777650456023908
2826,2704,0.7662459055118511
2826,5352,0.8396159781984591
2826,2705,0.29169947581225353
2826,4084,0.48423239973621024
2826,5351,0.9525482422168242
2826,4083,0.15440665502931716
2842,2719,0.29366646512499994
2842,3876,0.5831647831541154
2842,139,0.8537516798391225
2842,6414,0.9421035126713201
2842,3877,0.47194240256636066
2842,140,0.11266811860347392
2842,6415,0.6532045220688918
2842,2720,0.1304523641972869
2842,3459,0.5470380790627474
2842,4213,0.2592880480042916
2842,6060,0.9990707242501308
2842,3671,0.11715199756742445
2842,2399,0.9728155570044813
2842,3875,0.8812249855755799
2842,138,0.5252964153702278
2842,6413,0.5535467467940831
2842,2400,0.8519059105095214
2842,5684,0.5248266102563359
2842,2398,0.1953896723134685
2842,3458,0.2559548308138938
2842,4212,0.13853438048334876
2842,6059,0.2325562134767506
2842,3670,0.9377166849055142
2842,3874,0.44897960085356403
2842,137,0.027782531409668465
2842,6412,0.04479494063276157
2865,2741,0.9070493512615045
2865,6385,0.9063620939591311
2865,6723,0.383311877038384
2865,2089,0.8082032474966984
2865,2742,0.8387971536457793
2865,6386,0.48754863342453003
2865,6722,0.626968367384479
2865,6384,0.5689843451998746
2865,2654,0.6388895456782682
2865,2088,0.659722220930837
2865,2712,0.2273722846415046
2865,6721,0.6295210380427603
2865,6383,0.0867891561728622
2865,2653,0.44284011189693406
2865,2087,0.8071868109708694
2874,2749,0.40455992391640405
2874,1622,0.3003575209798507
2874,1623,0.8660306903441247
2874,2750,0.7044250562327511
2874,2679,0.5522486917551339
2874,599,0.01086391550819854
2874,1621,0.010360765049576948
2874,2678,0.10298729038699772
2874,600,0.9122972010278912
2874,1180,0.006507142356923845
2874,598,0.024562728953737012
2874,1620,0.21958569948931295
2894,2768,0.9479502209182649
2894,4608,0.17695448874001607
2894,232,0.009148147272630691
2894,4609,0.658033213396635
2894,4461,0.3430530710943889
2894,2233,0.40395534221014284
2894,899,0.7424585819873418
2894,1522,0.6965755943873722
2894,2769,0.26020385835404236
2894,4607,0.9292211814616615
2894,1385,0.4583119072600601
2894,233,0.5707274221315086
2894,231,0.7229293408411703
2894,4462,0.7634190487578778
2894,3453,0.9268134491877583
2894,6054,0.9421593361146305
2894,4460,0.20700536752311438
2894,1386,0.8564471128575499
2894,2232,0.6729841460609219
2894,898,0.16553071763315297
2894,1521,0.7657320867758602
2894,1384,0.07485085795859436
2894,3406,0.03079399907455649
2894,4606,0.8220864712607162
2913,2786,0.6001678596111732
2913,4246,0.8865870690726827
2913,2787,0.25725522778795296
2913,2778,0.5698018544624502
2913,877,0.30265632291842837
2913,4536,0.19918910020105218
2913,4535,0.1582106322669421
2913,4245,0.15552407786674416
2913,878,0.12336782075134711
2913,2777,0.5373794471195377
2913,1446,0.13202524853157904
2913,5222,0.06311249364894145
2927,2799,0.32191491665602046
2927,107,0.3834586998169073
2927,3037,0.05687426585835531
2927,1081,0.6646985223692629
2927,4626,0.07046421456493557
2927,2285,0.25006238264913827
2927,106,0.8067493807752274
2927,3036,0.5091043310047785
2927,1080,0.9614798814768412
2927,108,0.24824845034629495
2927,3038,0.10166437643856507
2927,1082,0.40745495315036573
2927,2800,0.6022012912498559
2927,1831,0.5381294567633217
2927,5941,0.9445594713447977
2927,4452,0.9341599980880176
2927,2013,0.3657769634744724
2927,2992,0.7644333690483928
2927,5249,0.9068868779333429
2927,4625,0.9356010069741642
2927,2284,0.43180490348349676
2927,1830,0.7583766445732618
2927,5940,0.21224493261211697
2927,6343,0.6657202840817211
2927,105,0.1689114851354695
2927,3035,0.40098556049551637
2927,1079,0.6860621559223433
2927,4451,0.8290401068916471
2927,6491,0.8624424468290983
2940,2811,0.6493788243806843
2940,1173,0.6208811558432766
2940,5037,0.41507330422137634
2940,1876,0.5558297210086688
2940,3393,0.8843150391500568
2940,968,0.1299122239135796
2940,335,0.4254033887010098
2940,3180,0.9984838216184162
2940,2812,0.41994339877165043
2940,1174,0.40661490019418023
2940,5857,0.4917024527709819
2940,1172,0.5695667971900434
2940,4988,0.07624295781164436
2940,68,0.9682015896677906
2940,5036,0.08288566952727572
2940,1875,0.7550605539307336
2940,3392,0.4357796078233468
2940,967,0.4272451196377839
2940,334,0.021432399735027086
2940,1978,0.8090703097953482
2940,3179,0.14450057121358784
2940,4989,0.5147401984218358
2940,1171,0.3955794045118608
2940,4987,0.36347505094756916
2940,4265,0.1623143802758532
2940,67,0.23496250867699042
2940,5856,0.9691673817593079
2940,2525,0.32100499711370245
2940,4876,0.2667389123681463
2940,3139,0.16333566855921278
2940,6508,0.8091678752474797
2963,2833,0.46181441049415395
2963,6215,0.1852518097020659
2963,3148,0.10371021480048681
2963,91,0.07384516151919551
2963,5893,0.0004077539086959625
2963,2834,0.5667804797180573
2963,6214,0.582278151618981
2963,3147,0.9261178054346866
2963,5042,0.3449486382953948
2963,4027,0.34644007942904365
2963,6216,0.23336080942619375
2963,715,0.4960947047362837
2963,90,0.5939663084780029
2977,2846,0.20240692903442514
2977,6700,0.9011428218876054
2977,350,0.5453165595101032
2977,6543,0.332088937950769
2977,4160,0.8172421079948834
2977,6422,0.3055670746340088
2977,1150,0.3299253713611483
2977,2847,0.24090873416389613
2977,2643,0.27478332531056815
2977,6699,0.4603089491343364
2977,349,0.5579639253450339
2977,1787,0.5601853867777984
2977,1149,0.5430482387121138
2977,6542,0.6484810082103841
2977,4159,0.5212924847944023
2977,4716,0.8818152897537201
2977,6421,0.9955053305055157
2977,6698,0.9676921133451197
2977,348,0.20700520811465095
2977,1786,0.7664080454938691
3020,2888,0.24672284085659058
3020,6369,0.5042045286981665
3020,2889,0.9927700547359963
3053,4860,0.903058066211605
3053,2920,0.12476760495069095
3053,4861,0.556669881432668
3053,2921,0.053090316106864655
3053,6660,0.3401905192962609
3053,3825,0.8870820303771065
3053,1632,0.44264250160101437
3053,2759,0.21500692254320086
3053,1983,0.23344900732935026
3053,6005,0.4895350459497333
3053,2407,0.7606594721794946
3053,1358,0.7103252444654719
3053,5702,0.16305703001249705
3053,4369,0.4147831779834197
3053,4859,0.9611251321533731
3053,608,0.3074449532334018
3053,6659,0.5267436460669285
3053,3824,0.30632257600937896
3053,2408,0.2082777357901202
3053,1359,0.08399259719583163
3053,1631,0.48738020624153755
3053,2758,0.6080255629442137
3053,1982,0.2763196222462181
3053,4858,0.8533076223961281
3053,6004,0.7108414787577139
3053,2406,0.6710792572428732
3053,1357,0.7835135206354465
3053,5701,0.044200755644525414
3053,4368,0.8111267215934764
3053,607,0.1727992358303162
3067,2933,0.912549742045291
3067,4042,0.7004168919752123
3067,6554,0.49927312214952146
3067,2247,0.9007066197724702
3067,4951,0.5142060530158294
3067,5344,0.7908140121724396
3067,2248,0.24187583775481192
3067,4952,0.8097608707214049
3067,5345,0.018020741986480848
3067,4043,0.9880834857054781
3067,2934,0.8915405670952689
3067,1602,0.031053274106349615
3067,4041,0.4793984181121572
3067,6553,0.1699392174799157
3067,6555,0.43895746626148024
3067,3471,0.36485240040914324
3067,152,0.44300385947958665
3067,6235,0.7625712605190452
3067,2246,0.03958141861095554
3067,4950,0.45060704122085926
3067,5343,0.5874976859328418
3067,1601,0.19692076863214136
3067,4040,0.7849473607574668
3067,6552,0.07629035542922868
3067,946,0.014562220298967032
3067,3470,0.8539227437759759
3067,151,0.04697271106549261
3067,301,0.5955378956174019
3067,6234,0.3807907571980429
3067,4949,0.7037686207231652
3067,5342,0.3105103713846006
3067,2245,0.041730505115222916
3094,2959,0.48235240548998126
3094,1746,0.16198619591680108
3094,3030,0.4755931065248328
3094,4619,0.09096898121119501
3094,2278,0.6807340009330508
3094,3029,0.09711108829609372
3094,1745,0.4836039463820194
3094,3031,0.4678509721149581
3094,2960,0.3911876559998271
3094,101,0.5020058443513464
3094,6669,0.46197114719202725
3094,2985,0.4323493722480729
3094,4618,0.321255540845375
3094,2277,0.8616523848021781
3094,3028,0.8833797343225434
3094,6668,0.3090125619673395
3094,100,0.3530347260444233
3094,1744,0.25193306529898896
3117,2724,0.7688180349060642
3117,2981,0.8146097396366414
3117,1816,0.8614748146230422
3117,5889,0.26423925939722137
3117,6065,0.9534327319596142
3117,2723,0.4727768814249965
3117,2725,0.48986657141996537
3117,2982,0.07618541944714197
3117,4615,0.8621461361480292
3117,2274,0.5218558280914584
3117,5888,0.18337707626105926
3117,6064,0.9003316525196685
3117,1817,0.24829057530042287
3117,5886,0.15800749842594786
3117,2722,0.7619944809596793
3117,4614,0.7673604194523616
3117,2273,0.055260317116403
3117,4508,0.46185374976357374
3144,3007,0.95903388354935
3144,3008,0.07147061227148277
3144,3177,0.3423552880077758
3144,3176,0.4764905192227268
3162,3024,0.288229158292175
3162,2272,0.3701809038922186
3162,3025,0.2377069448243232
3162,2271,0.8068299689390526
3162,3564,0.9916275997212165
3162,3063,0.48240444051568265
3181,3042,0.828033864420188
3181,3714,0.8550779637549001
3181,2081,0.6706822695040368
3181,3713,0.0715234933314941
3181,2598,0.6214441603543591
3181,589,0.9253384729090798
3181,3043,0.45648044553872313
3181,1286,0.49121254698820327
3181,2079,0.6484500747880784
3181,6329,0.26957550697358046
3181,3715,0.7199175347894219
3181,3723,0.22617079115625616
3181,4684,0.8980942680123042
3181,3280,0.9299318244423551
3181,3712,0.7565016484974207
3181,1285,0.7477207553503634
3181,2080,0.1383603938649849
3181,2597,0.09972578615039995
3181,588,0.44956473586473666
3181,6377,0.54722424479696
3181,2078,0.8321491560380752
3181,3724,0.37267913697570687
3181,4685,0.4559371293117672
3181,6328,0.19950818040061646
3181,3722,0.23532219227154227
3181,4683,0.1726002614504718
3181,3279,0.8314030451448953
3181,5261,0.5132980021651404
3181,5412,0.1852493614769405
3205,3065,0.5116585325851237
3205,2354,0.897697529716067
3205,2353,0.1631579969356658
3205,6497,0.5344784585945008
3205,6101,0.3855856195854851
3205,2362,0.005128927862691479
3205,1862,0.3382015885396943
3205,756,0.2523576101747078
3205,1685,0.7551767652274767
3205,3066,0.13633768066578433
3205,2355,0.6293505845197673
3205,2931,0.7998816937510673
3205,6160,0.36210423609898335
3205,2352,0.21847320110031132
3205,6496,0.09608450686609449
3205,6100,0.25054023422196015
3205,2361,0.2167946464910816
3205,755,0.9470881658245985
3205,1684,0.9939354666269433
3205,1861,0.7502128480974074
3205,6159,0.26286354143666524
3205,1714,0.6178834890216908
3205,6498,0.9421550857806026
3205,6157,0.7992428479046457
3205,3022,0.7815807459460556
3205,2930,0.05727196096552167
3238,3097,0.651167373271368
3238,5014,0.6267026651083722
3238,5859,0.5536377322491011
3238,1404,0.9493714852901348
3238,4488,0.9312975843082647
3238,5533,0.33740660996867555
3238,5036,0.48020222825024894
3238,334,0.0858862262065736
3238,5013,0.22636845385367954
3238,5858,0.3276128925895233
3238,1403,0.25804344914342814
3238,5015,0.7272454378813059
3238,5860,0.13319923529856614
3238,1405,0.9322307076971198
3238,5415,0.5242814433345351
3238,607,0.7309701465953681
3238,5822,0.212210391893639
3238,3098,0.612780473091006
3238,5532,0.09278092765934198
3238,5035,0.3949258978056882
3238,333,0.05899800475597672
3238,5702,0.7040212517144744
3238,5414,0.6590411941233394
3238,608,0.7568521813550065
3238,4489,0.41846255496473717
3238,5534,0.33887226534576553
3238,5037,0.4286400152722095
3238,5821,0.28730619556704295
3238,5012,0.4882450377813089
3238,5857,0.3756346624430942
3238,1402,0.5469254560904644
3238,5074,0.8101073732732581
3238,606,0.1428178894527059
3266,3124,0.26209122363501425
3266,6493,0.056135308786693594
3266,5973,0.5502246782242313
3266,3161,0.25175063208097304
3266,3833,0.4230815805700501
3266,6761,0.7710937968809429
3266,2350,0.8564477394263962
3266,5972,0.9685825192278736
3266,1756,0.14379298197349089
3266,5320,0.7031031731189291
3266,3125,0.613965351617216
3266,6494,0.08073430561980366
3266,5974,0.15934186589872268
3266,4799,0.07031145330474975
3266,3248,0.03252977089063458
3266,3832,0.5418619843421867
3266,6760,0.24127523974091714
3266,5317,0.5129948594921676
3266,3411,0.8290448653366285
3266,5319,0.6396655450094859
3266,3162,0.4405927917300322
3266,3834,0.8418233181685939
3266,2349,0.9823399696238808
3266,5971,0.21064283815987062
3266,4798,0.5253424386129242
3266,3247,0.5363219039857198
3266,1755,0.5369673187671636
3266,6758,0.4961726006521098
3294,3151,0.604539137415918
3294,3557,0.118226022801865
3294,3152,0.475526386357947
3294,3558,0.8702758817177361
3294,3556,0.763236325353971
3294,6678,0.6125603593985036
3294,6138,0.706762524458569
3294,2389,0.5472891657156777
3294,1744,0.6900611526148221
3294,6679,0.02170347085790658
3294,6139,0.5709646647109436
3294,1743,0.6467275520534431
3294,2388,0.16284952666639974
3294,1908,0.06269112183796621
3294,3555,0.9276461948464384
3294,6677,0.468771488329329
3294,6137,0.3576862961444194
3305,3161,0.09698774314890513
3305,625,0.9284454799043983
3305,3833,0.5178860703616913
3305,6761,0.7543555968208371
3305,3832,0.2585024384314931
3305,6760,0.2280929193144977
3305,1762,0.7806910109477191
3305,3411,0.08922596039183295
3305,3124,0.5381777198890778
3305,6493,0.7190893226796579
3305,624,0.8100161343812196
3305,5973,0.5427188088721433
3305,3249,0.4864274421829873
3305,3162,0.22562249485813857
3305,3834,0.46030890790053325
3305,6762,0.12664847154975356
3305,6759,0.45755347402980173
3305,1761,0.39450023586824123
3305,3410,0.9095677854853828
3305,3412,0.8566022006377721
3305,623,0.43240209913814365
3305,5972,0.6377581684090792
3305,4799,0.8952344396040335
3305,3248,0.8563319644978152
3327,3182,0.9293458269162437
3327,2644,0.967186006956294
3327,4716,0.2812817071778573
3327,2847,0.6774064762915641
3327,2643,0.28314428488399124
3327,2645,0.7652514413190831
3327,3183,0.1801291557427458
3327,4715,0.42309542501720554
3327,2096,0.7814137240659951
3327,2846,0.20363422348626092
3327,2848,0.14321055355839996
3327,2095,0.15209946319973233
3327,4714,0.47098682826233107
3336,3190,0.18494834585325992
3336,3004,0.15872461425484052
3336,2069,0.8360074556596939
3336,3191,0.2159784546809278
3336,3005,0.9051712537672981
3336,3003,0.9512428126205044
3336,2068,0.07705144396261376
3336,1479,0.360157165884354
3336,3942,0.9131859764662832
3336,4639,0.1852769465386641
3336,3943,0.09343868147845358
3336,4640,0.021100512237697933
3336,2067,0.030345792273920758
3336,3002,0.9965452707107376
3336,1478,0.5184088248993758
3336,4638,0.4715925670877039
3336,3807,0.7953772076231953
3336,4564,0.7463825222946618
3336,36,0.20867515997230324
3349,3202,0.36225546552513554
3349,6459,0.327028010843295
3349,4415,0.8195391590358861
3349,5403,0.8867454733241721
3349,655,0.8870316179813694
3349,6458,0.5823723661584981
3349,3203,0.1759828813095713
3349,4416,0.1780019555763086
3349,6049,0.510224078319535
3349,5324,0.24802765872122334
3349,4414,0.8079454319279971
3349,3380,0.1922108253187943
3349,1160,0.9935076110454713
3349,6457,0.3412548001652851
3349,6048,0.6687379099608254
3349,5402,0.16145095535479115
3349,654,0.7975707059486677
3349,4757,0.3101318816512504
3349,3381,0.5341147983695309
3349,4413,0.9250255684687801
3349,1159,0.6202977328730341
3349,5323,0.5616876402206029
3349,5062,0.07650055795822475
3360,3212,0.06530671214772676
3360,3213,0.1731737953776884
3360,3564,0.2556177779886527
3360,3063,0.7413535847011065
3370,3221,0.22052541564053407
3370,3222,0.2342360453511867
3370,6447,0.5678126613789316
3370,3579,0.9469738083855834
3370,257,0.11779031659156713
3370,6446,0.35647530256845317
3370,3578,0.503409961540455
3401,3251,0.07618823787319218
3401,1553,0.5633595293107321
3401,3252,0.09699392086846514
3401,1552,0.08412537688165622
3401,711,0.5041588213839964
3419,3268,0.9086086491603972
3419,4673,0.5662812584340033
3419,3269,0.7603882613477457
3419,1916,0.8596713604725372
3419,4574,0.6764464626150598
3419,46,0.02193409839161331
3419,5400,0.49539005437545314
3419,686,0.6483670225622464
3419,1915,0.6167541088987474
3419,4573,0.32781821969118896
3419,45,0.1667113596602927
3419,5401,0.7706563094606678
3419,829,0.7100095422087905
3419,5154,0.15041229086991148
3419,416,0.181299239911077
3419,1917,0.9125769742478859
3419,4575,0.6023895369608044
3419,47,0.7316939606662926
3441,3289,0.13575830480948237
3441,2654,0.8581243864002254
3441,1955,0.4080518556486883
3441,4760,0.6653099897973392
3441,4309,0.48609853161428096
3441,3290,0.9247943354446979
3441,2655,0.624213614314885
3441,2653,0.02570365706610611
3441,765,0.3777157214944178
3441,4759,0.1385782213909067
3441,6723,0.9408785828313203
3441,1954,0.770211970848116
3441,4310,0.9814543448189845
3441,6722,0.4179630956955106
3441,764,0.1249618535665653
3441,301,0.6377638620347065
3441,1953,0.8283764184379115
3463,2137,0.9369449772757703
3463,3310,0.8070009360867113
3463,863,0.803693402385519
3463,895,0.5547978810107452
3463,1518,0.8397423296088434
3463,5544,0.7942299585126372
3463,5424,0.6565164089644038
3463,4055,0.7908357935416512
3463,1519,0.06364957708667474
3463,5545,0.21634972491016335
3463,5425,0.34297788637730064
3463,4056,0.145906840834223
3463,2138,0.4546717807969948
3463,3311,0.5042878644746539
3463,864,0.8313540775414433
3463,1337,0.8112340542024488
3463,3404,0.8973417579177375
3463,4234,0.5452547962151741
3463,5327,0.2886670114759856
3463,5487,0.3279198842583705
3463,862,0.24670541205673058
3463,3440,0.8304278427856037
3463,5085,0.8376627697644634
3463,4498,0.35983359139575977
3463,3106,0.49100009236563846
3463,4934,0.9769017070374068
3463,894,0.10467767983934062
3463,1517,0.8485179596953422
3463,5543,0.7763920226655341
3463,5423,0.21583728201411057
3463,4054,0.12925845618768783
3463,4235,0.831676282085437
3463,1336,0.6718139728032987
3463,5875,0.5849272723663029
3463,5796,0.9401428181361144
3463,4233,0.30776806442014837
3463,3403,0.4520040715904666
3463,861,0.697196189776533
3463,3439,0.5774767673949857
3463,5084,0.2349485591901863
3463,4497,0.8038937491679762
3463,3105,0.9921702458443546
3463,4933,0.7560481700656614
3463,893,0.14095826988953564
3463,1516,0.46418406589032524
3463,5542,0.6271617392205108
3463,5422,0.7033072618126678
3495,3341,0.4084670453921797
3495,3297,0.39094475317172706
3495,207,0.8516329415187848
3495,4317,0.06439889569091772
3495,3342,0.9949324653078218
3495,3298,0.7596022640543334
3495,3296,0.9051049022216602
3495,1746,0.5850889079244918
3495,4522,0.9288344128606549
3495,4318,0.16826064763973858
3495,1745,0.32775498594612396
3495,206,0.12482617675862995
3495,4316,0.04841788334111363
3495,3295,0.8378797730680647
3495,4521,0.03245661584182036
3515,3360,0.009265564580201668
3515,2999,0.603493903101722
3515,2020,0.673804656399958
3515,3000,0.7410442778473136
3515,3361,0.19087391901403028
3515,3912,0.9009448986196834
3515,6649,0.7204411267196412
3515,2998,0.1753159809267567
3515,2019,0.5307913430602148
3515,3911,0.02037678489082706
3515,4632,0.4877589203046536
3515,3909,0.5446655181295853
3515,6648,0.569791861962307
3515,2997,0.6756324437473763
3515,2018,0.10305408597500731
3528,3372,0.6553480903722645
3528,290,0.566598800858246
3528,3459,0.1604755405222129
3528,4213,0.5283570963970354
3528,3671,0.6718982109465339
3528,3460,0.5748473806402458
3528,3672,0.7257516935318722
3528,3373,0.24893272563991975
3528,291,0.9545213036676212
3528,3876,0.5073848078482971
3528,139,0.9893157021148539
3528,6414,0.6681702709869092
3528,1119,0.2848897837638704
3528,6149,0.8977265613420371
3528,3458,0.19586777412202105
3528,4212,0.8474395413731604
3528,3670,0.24910813463795878
3528,140,0.2556423260539319
3528,6415,0.2739946258293823
3528,3875,0.035077006056779436
3528,138,0.19582689166321887
3528,6413,0.5985174813270653
3528,1118,0.4605252855204476
3528,6148,0.45442830234324805
3528,3457,0.1714051807985374
3528,4211,0.2628930065959998
3528,3063,0.021025150808446025
3528,3669,0.48039778812514355
3537,3380,0.40473640666464494
3537,1682,0.7562573696024705
3537,1160,0.8198293406960416
3537,754,0.9639667396476738
3537,1656,0.09011521928847421
3537,1683,0.7950563664071549
3537,3202,0.8232533002363898
3537,1681,0.8839055048247848
3537,1860,0.4375779852295003
3537,4410,0.7910395050253505
3537,3381,0.09350002244212452
3537,1161,0.3714237328807246
3537,1159,0.7234626442230006
3537,752,0.11121476206848624
3537,5323,0.4166538490592244
3537,753,0.1990253013525618
3537,5322,0.302621768007444
3537,1655,0.6420467876772943
3537,4975,0.9668092413172541
3537,1680,0.4559960665803974
3537,6049,0.8132496012269659
3537,4409,0.2629512355125112
3537,751,0.874141268449011
3537,1158,0.8426092635745602
3537,1653,0.35329524002576507
3566,5314,0.38064549852818863
3566,3408,0.9818398373969841
3566,5315,0.4703339085663242
3566,3409,0.2017787607263689
3602,3443,0.5470858117134764
3602,3444,0.9959159456305179
3602,2820,0.7153215624410456
3602,3860,0.5221730657608568
3602,4967,0.37145722629127276
3602,5869,0.8196889791941468
3602,4218,0.7523813656245939
3602,5442,0.5029367240712884
3602,2819,0.30587274011281707
3602,352,0.15224878868423486
3602,4217,0.19688279701559674
3602,3859,0.34621520564282793
3602,5868,0.895210689023276
3602,4966,0.40343235812508427
3602,3857,0.056857610941692616
3652,3492,0.8091009126217623
3652,4250,0.4245296088136541
3652,6459,0.2547460451335578
3652,1681,0.056564182301575894
3652,6458,0.09236140505098178
3652,1680,0.7598861422454178
3652,6049,0.07443836861246467
3652,4409,0.4506894000690571
3652,953,0.6398368304851324
3652,4190,0.8497093165228434
3652,751,0.04970609703209128
3652,4795,0.37298042610963067
3652,3244,0.37313075465498524
3652,3493,0.6737445207949028
3652,4251,0.44924555170913505
3652,1682,0.6169800754730556
3652,1160,0.5043575547567201
3652,955,0.13669733105828197
3652,6457,0.060790026561339805
3652,1679,0.8666542769344359
3652,6048,0.36399160973424727
3652,4408,0.6431178700712408
3652,952,0.5800538038047826
3652,4189,0.8688474646627933
3652,750,0.9689884572244988
3652,4794,0.45560110061750425
3652,3243,0.33211408974625056
3652,4757,0.2012876977593816
3652,2347,0.7889298579207137
3652,5969,0.6185334241228536
3652,1652,0.6960141135613634
3652,1159,0.7186435707290946
3652,954,0.3309141965177156
3652,752,0.2053177751751566
3652,3245,0.46211992340223085
3683,3522,0.06979885784713169
3683,2064,0.5665646091270929
3683,2063,0.6861025465758351
3683,1474,0.28781258476810945
3683,4634,0.9897787932657351
3683,3803,0.5197774565878448
3683,2877,0.4543514002051501
3683,5207,0.6200982580546537
3683,3523,0.8556010942412532
3683,2065,0.6340197691303829
3683,2062,0.944761785627039
3683,2264,0.439839968473817
3683,1473,0.8963138375040675
3683,3802,0.8551437106330951
3683,2876,0.039617910158144976
3683,5206,0.04613776193016439
3683,6737,0.18033404297215738
3683,31,0.2873338695080946
3683,4635,0.7652401212210799
3699,3537,0.67568255038171
3699,3253,0.0476839076218204
3699,711,0.6318119974348368
3699,710,0.4431405637362845
3699,3538,0.5347107957163038
3699,3254,0.6097641122056824
3699,3252,0.4160561685481299
3699,4922,0.39306114800065917
3699,4921,0.318950423231273
3699,709,0.19408453632547717
3699,3251,0.48561708858449837
3729,3566,0.9175959273164064
3729,4844,0.2134019797689536
3729,2255,0.8451880245467975
3729,5352,0.56947038715301
3729,4050,0.6169430297490809
3729,1609,0.7761540149888803
3729,2256,0.5592269988135502
3729,4051,0.8538423289299657
3729,1610,0.967712464221621
3729,4843,0.2649253693558159
3729,2477,0.9640700117521884
3729,4845,0.36157762016709505
3729,3567,0.2775025416583089
3729,4550,0.8230167426175646
3729,160,0.024024516939321283
3729,6563,0.08091152053840278
3729,6243,0.9778164133515143
3729,5596,0.3629615044243899
3729,1070,0.653900746352362
3729,3093,0.14720901166429334
3729,4548,0.3935660760524854
3729,2254,0.25262735994706365
3729,5351,0.8925218963637841
3729,4049,0.2535469351885017
3729,1608,0.16693552458302408
3729,3092,0.1865102797963829
3729,4547,0.027105410431716215
3729,4842,0.8886421353281329
3729,1244,0.15751650952350094
3729,159,0.8416469453515185
3729,6562,0.05130096583785215
3729,6242,0.049675983732578755
3729,5595,0.7845047099526018
3729,1069,0.8272729003499482
3729,4549,0.3668940872496381
3729,2253,0.6313973395464102
3729,4957,0.03997727262925288
3729,5350,0.7409485184759003
3729,4048,0.058836283110849985
3729,1607,0.8740835894786291
3745,3581,0.5462931257876733
3745,5993,0.6059514796919749
3745,3924,0.443533193559114
3745,6114,0.17030262870025958
3745,4992,0.9147747677031629
3745,3434,0.9675671532659617
3745,1556,0.9168892136738518
3745,3143,0.9814901637794373
3745,4991,0.6831421306341263
3745,3925,0.5176434146868156
3745,4223,0.14748169339658568
3745,6113,0.44647571767489325
3745,5992,0.7302701990821104
3745,3923,0.5041505986209306
3745,5994,0.7981474502660498
3745,6115,0.8858771560919647
3745,3582,0.5650613145067697
3745,4993,0.2509191975489151
3745,3433,0.043163022333888024
3745,4222,0.25157438396962817
3745,2223,0.8824959284085178
3745,889,0.0853796527599755
3745,4990,0.13589588739262304
3745,1555,0.154449531956255
3745,3142,0.3645875329239069
3745,3922,0.919642688902825
3745,5991,0.4699634682613413
3774,3609,0.012042023621773645
3774,3300,0.4541141197023999
3774,3299,0.10940600881871665
3774,4525,0.14257436274217317
3774,3610,0.10747807265165965
3774,3301,0.20881036507791073
3774,3298,0.11086709220835222
3774,4524,0.9353421132902655
3791,3625,0.45728237633578694
3791,4432,0.7564699919719524
3791,3,0.2739005032325227
3791,5304,0.7476277350525958
3791,4433,0.15421714588860957
3791,3626,0.10906782534331183
3791,4,0.012697834089689941
3791,3082,0.6806352386766396
3791,2,0.2545125257639457
3791,5557,0.683466318995253
3791,1375,0.018164883702135648
3791,1195,0.897936906054527
3791,1223,0.7362941468749761
3791,4431,0.8810683717587187
3791,5303,0.9517895888648719
3791,6380,0.10931097735922157
3791,5558,0.8553950194778678
3791,1376,0.7058078260237097
3791,1196,0.35430875289336383
3791,1,0.6851848059150368
3791,5556,0.9901350873474496
3791,1374,0.45077570163697367
3791,1194,0.5267773020168783
3791,1222,0.974245208958485
3791,3081,0.19643743345500853
3791,4430,0.14622731333135375
3791,520,0.4319114339574539
3818,3651,0.18859646987103695
3818,520,0.9815420714318246
3818,1428,0.7877532570013916
3818,2510,0.6505250255199891
3818,2467,0.9270245882825159
3818,519,0.0432472825295237
3818,1427,0.9718105615917042
3818,2509,0.40352338428223244
3818,2466,0.42781624851727085
3818,2599,0.6366103627009191
3818,590,0.7740233369074367
3818,1375,0.9804703182713677
3818,1195,0.7134674311522602
3818,1223,0.4571107829502865
3818,3652,0.3156165490098298
3818,521,0.10922059243339188
3818,1429,0.140424113323942
3818,2511,0.10120625111982384
3818,2468,0.6495396192005176
3818,6379,0.9375919067036492
3818,518,0.41544898819379283
3818,1426,0.8901430105179833
3818,2508,0.43983028228852594
3818,2465,0.1301116838034151
3818,2598,0.4066688570827688
3818,589,0.8097267617983334
3818,1374,0.4741399206485909
3818,1194,0.6110243280496528
3818,1222,0.9042497595181423
3818,6378,0.9811852275861375
3818,2600,0.5323431132137907
3818,3043,0.8353009914413043
3818,6380,0.02539774832759245
3842,3674,0.02367566046546954
3842,774,0.5105945424776182
3842,775,0.40259715917395
3842,3675,0.8132438871629005
3842,5598,0.0999958470624569
3842,773,0.030080756858886004
3842,2195,0.40795306182198954
3842,5597,0.15776542924795545
3842,2194,0.08974746879332163
3842,772,0.9603964251088652
3870,3701,0.39086502105344745
3870,996,0.27851867961576504
3870,1901,0.15639459431483604
3870,995,0.18606624482582068
3870,1900,0.13515290536336266
3870,1273,0.12004448714890315
3870,6398,0.07712401676693359
3870,471,0.9909682938379054
3870,815,0.7637715644211635
3870,3702,0.8235561183517652
3870,997,0.03664525141712449
3870,1902,0.5373995505397365
3870,6397,0.1065809523442045
3870,470,0.2563804990247306
3870,994,0.6714408913827317
3870,1899,0.8937135782996645
3870,2158,0.32487633888401835
3870,814,0.532708993222276
3889,3719,0.6064710500822845
3889,5468,0.18110873961223506
3889,4680,0.6244955761503302
3889,3276,0.012783241385530997
3889,661,0.3110036564514178
3889,662,0.5677572647606867
3889,3720,0.23892335848613044
3889,5469,0.2922080655761169
3889,4681,0.4373512281030266
3889,3277,0.5088391859038591
3889,5467,0.3173941304976635
3889,4679,0.26382947120684475
3889,3275,0.8669474263949339
3889,3208,0.0971752256977586
3889,5257,0.9529653227300914
3889,5408,0.1430485492989534
3889,660,0.49851905740377067
3889,5258,0.8149306213526434
3889,5409,0.03897007244003314
3889,5466,0.18079325664569168
3889,4678,0.4000579210507127
3889,3274,0.12717536545934938
3889,5256,0.25976887051773445
3889,5407,0.37691540444156535
3889,659,0.885307740603902
3889,3207,0.823558201002586
3913,885,0.8591968484664608
3913,3742,0.3917905571222481
3913,1833,0.8654376136649418
3913,884,0.9986328253192255
3913,2174,0.942438957914809
3913,3743,0.5100877116060534
3913,1832,0.4987938767221156
3913,3551,0.5442310096023605
3913,4452,0.1421526987388776
3913,883,0.23565364886807671
3913,3040,0.5952919922660301
3913,2173,0.09627663746992976
3913,3550,0.9459006926003464
3913,5301,0.299581841986707
3913,3038,0.7142255538986478
3913,1831,0.43895697071074646
3913,5941,0.5506448551109311
3933,3761,0.12555147003053901
3933,5356,0.5274091528984737
3933,2175,0.8008928570654699
3933,785,0.5675663765328289
3933,3685,0.6551891755401064
3933,3200,0.25222660855125245
3933,5355,0.3520135407447922
3933,2174,0.5714293366226343
3933,784,0.1634600686227876
3933,3684,0.9108893922981618
3933,4907,0.10658661284038373
3933,2633,0.9201261665258027
3933,5118,0.5533483486577674
3933,3762,0.9626748354653359
3933,5357,0.8470572141537782
3933,2176,0.47883090355659874
3933,786,0.6979701597402738
3933,3686,0.6624907750306747
3933,3040,0.584533993029858
3933,2173,0.43988856205897453
3933,783,0.3989319279811421
3933,3683,0.5325097270053055
3933,4904,0.6174546126250846
3933,2630,0.7187587067441543
3933,885,0.22972207185509197
3933,5354,0.01551464574428485
3933,1833,0.14306102523913033
3933,3199,0.6248236442809244
3933,4906,0.3350075701125942
3933,2632,0.7813054794836
3933,5117,0.12117783692151618
3933,667,0.5792766794328977
3958,3785,0.4392590308453945
3958,919,0.1300002632688675
3958,6195,0.6612889229593337
3958,2700,0.7616696946225786
3958,1799,0.5127078454758571
3958,2914,0.19658500823678127
3958,920,0.4598489419688099
3958,6196,0.5589410828820165
3958,2701,0.5686444467453671
3958,1800,0.1935123554154704
3958,3786,0.6697452478772868
3958,3475,0.25628176375778833
3958,156,0.05722691993443685
3958,6559,0.6200457498724143
3958,6239,0.8960049357778247
3958,5592,0.6935666929056137
3958,1066,0.3398672976563095
3958,3335,0.8670429899341119
3958,5612,0.6543440460879694
3958,2858,0.47394412473630154
3958,5188,0.29776259520192827
3958,2046,0.6378138458406147
3958,918,0.7346305984288105
3958,6194,0.6978256017752952
3958,2699,0.18820041852800373
3958,1798,0.14721648104585272
3958,2913,0.2205652864563008
3958,2859,0.13699991721230065
3958,5189,0.8512414003070028
3958,5841,0.9896273178700268
3958,199,0.10111276508390254
3958,3474,0.6721813423243421
3958,155,0.5731183814377732
3958,6558,0.8034666836666993
3958,6238,0.17835471001466774
3958,5591,0.4195719083617149
3958,1065,0.5444230150368053
3958,2188,0.4786326455987141
3958,3334,0.8280719547481378
3958,5611,0.2161577817608904
3958,2857,0.631023987328378
3958,5187,0.3892381721925121
3958,2045,0.9430232461379169
3958,917,0.16742119186079174
3958,6193,0.8848460554167097
3958,2698,0.7258493259802596
3958,1797,0.9155101441445826
3983,3809,0.7306916149353645
3983,3810,0.10090395858174117
3983,5689,0.8655172722721436
3983,5688,0.16927615227001858
4007,3832,0.9798736152586066
4007,4582,0.7158831564822554
4007,6760,0.9676864632044914
4007,3161,0.9295567503012645
4007,625,0.26085512639072395
4007,3833,0.06308965427790436
4007,4583,0.8387335287529178
4007,6761,0.524941380915183
4007,4581,0.8302369524065683
4007,6759,0.6611422257755559
4007,1761,0.256002504135852
4007,5316,0.49061245984715385
4007,3410,0.9995589633921365
4007,1923,0.1492160848058034
4007,5162,0.8702117360050526
4007,5317,0.676708420953919
4007,3411,0.2944407004920273
4007,624,0.9138492002681623
4007,1922,0.9216108182533637
4007,4580,0.7506519046758573
4007,6758,0.34013392325022407
4007,5161,0.15163202653457597
4007,5315,0.5171174769968269
4007,3409,0.9509745693474957
4055,3879,0.5710014839649294
4055,980,0.9854995072110627
4055,1303,0.743706313128536
4055,647,0.891011797839011
4055,1049,0.583784496389989
4055,3880,0.24393034739692931
4055,981,0.13648156474768725
4055,979,0.4564966103385446
4055,1302,0.00012011878932660647
4055,5456,0.25734217800006054
4055,6111,0.8815488749854612
4055,646,0.9321152068608893
4055,1048,0.53708601999212
4055,6730,0.4414521640769825
4055,644,0.0695117380971878
4055,1301,0.362160429195851
4055,978,0.06009930796539498
4055,5455,0.8323027242384803
4074,2156,0.7435520392739948
4074,395,0.9149687710838248
4074,3897,0.2485605453068911
4074,5570,0.9162228152644286
4074,2157,0.5262751544584452
4074,396,0.6838976320644338
4074,3898,0.20975988360307363
4074,1456,0.40400988535381654
4074,6637,0.917645245352078
4074,2328,0.8949371547609918
4074,1822,0.8706253778247444
4074,5569,0.8894423193950317
4074,2160,0.6968434206893802
4074,2155,0.8344336067303965
4074,394,0.9486516132764206
4074,1455,0.704142530158639
4074,5029,0.010572880957655406
4074,1419,0.3451521213407648
4074,2161,0.5554149236661053
4074,6636,0.19275263215609018
4074,2327,0.15016282464501762
4074,1821,0.585032656248163
4074,5568,0.15093343158668504
4074,5101,0.3774830449865243
4074,5929,0.8807786844399909
4074,4379,0.5982014742387927
4074,2154,0.7819177469720925
4074,393,0.434656257702434
4100,3922,0.9862156366309165
4100,226,0.5257120959899872
4100,4223,0.4539172830507672
4100,3923,0.4534648879896408
4100,5182,0.9714542862190885
4100,5758,0.7946495417773876
4100,225,0.36416382237890466
4100,6300,0.8184441856258216
4100,4222,0.6685042533316581
4100,5181,0.18653250099489005
4100,5757,0.26452026069795476
4100,2221,0.6374601460049321
4100,887,0.2553483310906933
4100,224,0.7263428816007874
4121,3942,0.25651811081389564
4121,1312,0.2154023571892556
4121,4639,0.07613238431258118
4121,2882,0.6262886498253678
4121,5212,0.232791554200399
4121,2027,0.0965695566274456
4121,3943,0.5631909990207732
4121,1313,0.5508643934011213
4121,4640,0.7855305116902307
4121,2883,0.12580092681094635
4121,5213,0.8262082459506037
4121,4272,0.34839341028179105
4121,1311,0.7829665622103152
4121,4638,0.48336758478933595
4121,2881,0.6833484907479835
4121,5211,0.7083063757913098
4121,3190,0.5008832148283681
4121,3004,0.026772870426726825
4121,3527,0.14681532602572733
4121,2069,0.5944632855718913
4121,406,0.30109830506494606
4121,2445,0.8547255916807384
4121,4271,0.38597644245488005
4121,2026,0.4512125829006417
4121,1310,0.7820286958147263
4121,4637,0.26726714002617524
4121,2880,0.8558875764475778
4121,5210,0.7954289325607249
4121,2024,0.2906945422171012
4121,3003,0.08526179420072033
4121,3526,0.8576158426439491
4121,2068,0.39421250197911384
4156,3976,0.9503593921609133
4156,5834,0.6701736368905125
4156,192,0.027094345208994675
4156,5566,0.8339922388103213
4156,5026,0.3887841677525967
4156,1416,0.6247620513082675
4156,5833,0.2612670058507579
4156,191,0.619961741214335
4156,5565,0.03342536778525085
4156,6671,0.35680855069832096
4156,2280,0.47254974660052107
4156,5835,0.27540490797376305
4156,193,0.9931033100431963
4156,5567,0.20907395219169767
4156,3977,0.3057454860413845
4156,1581,0.19023531853751607
4156,5025,0.5447322129567792
4156,1415,0.22540976588244066
4156,1580,0.3243967570331385
4156,6670,0.6993592205633165
4156,5832,0.9873948777524032
4156,190,0.11739768452276778
4156,5564,0.8753318326179259
4156,2279,0.9271649350294203
4176,3995,0.6396461270230215
4176,1552,0.10319088157698375
4176,4852,0.010066374981367088
4176,6442,0.4373763563862496
4176,3574,0.042082566600233906
4176,5521,0.7684263688486905
4176,1551,0.3591307570744805
4176,4851,0.04033262070934507
4176,6441,0.7890628141277529
4176,3573,0.8065340537242478
4176,1553,0.8934058651737973
4176,4853,0.6570178403026741
4176,6443,0.5607516400613366
4176,3575,0.16495939763219847
4176,3996,0.36034052576080855
4176,1269,0.8847246610292399
4176,2483,0.8607141024149947
4176,2866,0.21602169618911804
4176,5196,0.6471598240900167
4176,2054,0.9884328803197623
4176,5520,0.5370188872034756
4176,1550,0.2507956054768259
4176,4850,0.14083721416256723
4176,6440,0.8351570434692593
4176,3572,0.7006097238440688
4176,2482,0.15116217783068042
4176,2865,0.41949909997885226
4176,5195,0.8360338393440443
4176,2053,0.2849305355352646
4176,1268,0.8102121819291711
4176,1858,0.3076802859531701
4176,711,0.2871421012263503
4209,4027,0.5894543258322016
4209,6216,0.6938745003879486
4209,4736,0.4771015546578956
4209,3149,0.25174437091633906
4209,5894,0.3714833321678487
4209,6215,0.3122988609656051
4209,4735,0.12373208559883486
4209,3148,0.5911416575101485
4209,6217,0.11603026938213801
4209,4737,0.24222505820009166
4209,4028,0.6631129871762571
4209,5895,0.8480867863538657
4209,5893,0.37205678311776214
4209,2834,0.1410149258799418
4209,2833,0.31831491564931025
4209,6214,0.7293109683039728
4209,4734,0.09748216859640046
4209,3147,0.45000486575920184
4209,5042,0.5000249092718116
4209,4997,0.6063884293330724
4209,595,0.7712945378587998
4209,5327,0.3055670898674938
4209,5487,0.1529438188448654
4209,4934,0.8403210563764397
4237,2228,0.9644878885233699
4237,894,0.26980741171726674
4237,1517,0.5321995229222422
4237,5543,0.8986858536174112
4237,5423,0.4396399814057387
4237,4054,0.36969888855598054
4237,4694,0.7367069588208199
4237,3310,0.5345021282698891
4237,863,0.9050204964650412
4237,895,0.4422791016113583
4237,1518,0.22140090991557593
4237,5544,0.7103827211654553
4237,5424,0.8445042510107793
4237,4055,0.718846032373341
4237,4695,0.8766677913639372
4237,3403,0.15861975058207567
4237,3439,0.9679783672630546
4237,4497,0.9130162269867306
4237,3105,0.7040090913374224
4237,4693,0.7538419442539552
4237,2227,0.5019822812960828
4237,893,0.6725243460141439
4237,1516,0.022465783779971438
4237,5542,0.315813886541518
4237,5271,0.3857258599604291
4237,5422,0.25047283007009646
4237,862,0.48520370427272785
4237,3402,0.13908566891143959
4237,5272,0.24903889910292965
4237,3438,0.9786409859630185
4237,4496,0.7201080965637221
4237,3104,0.19259277414144127
4237,5270,0.8801871703660924
4237,5421,0.9738640358009477
4237,4692,0.4071307204141369
4237,4135,0.8389201523889416
4237,2226,0.7660817663028014
4237,892,0.9401699013147328
4237,1515,0.192955534793105
4237,5541,0.5187874240069029
4256,4634,0.03976562027961594
4256,4072,0.571216536739526
4256,5372,0.9434601432936409
4256,31,0.8336521224663413
4256,4635,0.8621282134164897
4256,4073,0.9597749414799528
4256,5371,0.7620789982218983
4256,30,0.35822035918779227
4256,4560,0.867687508595137
4256,32,0.9708278246516914
4256,2440,0.3675448208425345
4278,4093,0.3659309837351393
4278,4192,0.8717905640427528
4278,5322,0.07330849357635827
4278,5321,0.9633941071460818
4278,6087,0.93118669247405
4278,4191,0.6367809301512094
4278,5323,0.7254212791203348
4278,4094,0.33543947574018385
4278,5320,0.1064231222201737
4278,4190,0.9064526580936971
4304,4118,0.010668259449048145
4304,4119,0.2157493855582806
4304,4352,0.7313913346427667
4304,1038,0.8164837435422069
4317,4130,0.22068541668103447
4317,4328,0.4250574064143009
4317,3099,0.4996517600946432
4317,4490,0.22578339864661534
4317,5535,0.9648934850649008
4317,5038,0.680898082820967
4317,1877,0.6073193146772861
4317,3394,0.35157624967973833
4317,969,0.7623289235458276
4317,336,0.6792882295700196
4317,4327,0.9908656539332406
4317,5266,0.1729820007602051
4317,5417,0.5647370535026982
4317,1016,0.7056894150861054
4317,3308,0.5582344214985993
4317,2673,0.9392283625527583
4317,4131,0.10622739535025649
4317,3100,0.7314601563938116
4317,4329,0.9681739343997516
4317,5822,0.637188159228083
4317,3098,0.9704875435098992
4317,4489,0.36849098721754503
4317,5534,0.6854428509589896
4317,5037,0.7531352364513009
4317,1876,0.03385983495980116
4317,3393,0.25578824391948407
4317,968,0.5202687287197698
4317,335,0.9653137193824965
4317,5821,0.19607399812051696
4317,3180,0.6598925717145709
4317,2812,0.24601090942778492
4317,1174,0.7954058071112284
4317,5076,0.527958976323319
4317,4491,0.8708749421980415
4317,5536,0.20495557977840417
4317,5039,0.4793358102801115
4317,1878,0.6384085609152704
4317,3395,0.7683803024829159
4317,4326,0.16586085310099108
4317,3307,0.621959170789086
4317,2672,0.44826822112169074
4317,5265,0.5212186208375736
4317,5416,0.07518113949706906
4317,1015,0.6358774511996471
4317,3097,0.6357197854851045
4350,5805,0.26871225945392774
4350,4162,0.026794822557310027
4350,3218,0.3423292627841613
4350,5806,0.8537252506533412
4350,4163,0.40071712612576504
4350,722,0.1156482263642129
4350,5312,0.11562240633814569
4350,234,0.5933892860210316
4350,3219,0.1446944378063323
4350,3217,0.06374945033867063
4350,6576,0.778093203283964
4350,5804,0.6804580387506791
4350,721,0.3487136158562253
4350,5311,0.7297503579625361
4350,4354,0.6374364809504713
4350,233,0.7565583998782058
4350,5429,0.503526655240748
4350,4892,0.6010911142809323
4350,2618,0.9994560128386266
4350,629,0.43347937951627813
4350,3216,0.499909371917164
4350,6575,0.7766615329067512
4350,5803,0.2228644643848433
4383,4194,0.03360135689034194
4383,2595,0.7055824485952974
4383,3046,0.13988079772851503
4383,4195,0.4079938725796576
4383,3047,0.08191814636997163
4383,5862,0.8654434309906067
4383,3045,0.9530363902384036
4383,3727,0.7250133244552465
4383,4688,0.8194560734158366
4383,3284,0.3334680132272354
4383,2594,0.9127546348072632
4383,2602,0.8915585689474708
4383,593,0.9703788439944531
4383,3728,0.7394896360226452
4383,4689,0.436313515015616
4383,2601,0.14635227650360294
4383,592,0.5405247302967308
4383,3044,0.02840272898309104
4383,3726,0.5458063950804125
4383,4687,0.9439609369172993
4383,3283,0.5788224131746054
4383,5861,0.6607870211008
4383,5265,0.5407437063974847
4383,5416,0.7739215707094551
4383,2593,0.7518914346861514
4405,4215,0.9103566104222117
4405,2319,0.9861507150163321
4405,2318,0.6292180509086283
4405,4216,0.006627291595240337
4405,2317,0.29673924067440305
4405,5641,0.35554439304602925
4424,4233,0.8146593221739317
4424,3403,0.3836057222971232
4424,3404,0.6424621158816799
4424,4234,0.2011621304387482
4424,4972,0.4743464837922585
4424,4456,0.5115330221786917
4424,2228,0.28509153577214974
4424,894,0.09637060525525032
4424,1517,0.35400949148255767
4424,3402,0.38775524367241465
4424,4457,0.27351810844523805
4424,3448,0.6296081041204987
4424,4971,0.12268838738630738
4424,4455,0.7822753646138467
4424,2227,0.5879590654413521
4424,893,0.7486264207535889
4424,1516,0.3473994000514248
4424,3401,0.014376627823332155
4442,3492,0.42840248437071593
4442,4250,0.2839742988367556
4442,6459,0.3353811339318834
4442,1681,0.5766428370540111
4442,6458,0.27742383676391824
4442,1680,0.20132330148892907
4442,6049,0.6738403884861581
4442,4409,0.3745803691291565
4442,4190,0.8666578971126495
4442,751,0.8979958722641221
4442,3493,0.33919113118288036
4442,4251,0.008545674429010996
4442,1682,0.549074676833886
4442,1160,0.47571240322228514
4442,6457,0.9626469209536856
4442,1679,0.6823381289945568
4442,6048,0.10613863637155696
4442,4408,0.7951817848218844
4442,4189,0.3690858387430338
4442,750,0.7535145576404764
4442,4757,0.7979011358977849
4442,2347,0.09725775423049687
4442,5969,0.49910114840904896
4442,1652,0.07360551136787596
4442,1159,0.01281589220215773
4442,752,0.445866877904845
4460,4267,0.24808792489748488
4460,2956,0.5977700768900641
4460,2441,0.029023672635260067
4460,4560,0.476429813442788
4460,32,0.17127999496645052
4460,4268,0.16057065499660583
4460,2957,0.8441563627837549
4460,2442,0.7972936932987901
4460,2955,0.41138278091273495
4460,2440,0.10478158025944317
4460,5960,0.5288381919033371
4460,31,0.38673857190778727
4460,2040,0.7381434097552635
4460,2439,0.09407312407731117
4460,2954,0.3865166468050373
4488,4294,0.22666359225809596
4488,2572,0.6578004695076556
4488,2571,0.6050242361230481
4488,4295,0.3185778577512093
4488,6426,0.30824395630423207
4488,2570,0.5268223609204967
4488,6425,0.6343151932765976
4488,3649,0.7455094893022866
4504,4309,0.5773340636256793
4504,1588,0.33453454296334084
4504,4310,0.8482209454578122
4504,1587,0.9806361003207811
4504,3289,0.13745088954814744
4504,2654,0.024031448647389153
4504,1736,0.29039804276033665
4504,2710,0.7105892774239544
4504,1586,0.535282829271014
4504,2653,0.7956951062477814
4531,4335,0.186149511897437
4531,4333,0.09762320163586302
4531,4332,0.8111345307693942
4531,4336,0.5837476067041223
4531,600,0.17746906285213615
4531,599,0.7909222702735234
4531,601,0.619200473225908
4531,4331,0.43447014202158385
4551,4354,0.9238328366166441
4551,6577,0.565300678773495
4551,4523,0.20851045569888804
4551,6223,0.3809135382597789
4551,6578,0.31681580703197076
4551,4355,0.39539776114011116
4551,5806,0.4372243593999895
4551,4163,0.21643045643312975
4551,4893,0.3636440296052559
4551,2619,0.5715352423036104
4551,3217,0.26582423844139
4551,6576,0.8553433419440314
4551,3298,0.010675582469080735
4551,6222,0.5439731039544832
4551,4522,0.3010622977199148
4551,4894,0.347244853050917
4551,5805,0.5182373898048044
4551,4162,0.6710472172195864
4551,4892,0.01945263090746696
4551,2618,0.17998377005872268
4551,3216,0.20103080751761648
4551,6575,0.8691268636937685
4570,4372,0.04971765622853497
4570,5922,0.8706791611289864
4570,2717,0.837347075424534
4570,148,0.5724896101639234
4570,298,0.5641434685813523
4570,1950,0.7712908316704037
4570,5921,0.8386056856095154
4570,2648,0.3501877108033067
4570,3186,0.9410911827001106
4570,4070,0.2363527250301165
4570,5923,0.09141394841545025
4570,4373,0.3360831834216378
4570,2716,0.8019632206151964
4570,760,0.36323984158830724
4570,2647,0.011910734810733015
4570,3185,0.4826129293955502
4570,147,0.814102718109233
4570,297,0.18138085045463015
4570,1949,0.6588896948959911
4570,1951,0.6578478002514099
4570,5920,0.8921883292599405
4570,295,0.8632361886296124
4570,6153,0.9905753169085355
4570,4069,0.808190008659783
4570,2715,0.2822967983822109
4570,88,0.6499176139066166
4611,4412,0.0768680238365902
4611,1157,0.5528565371443738
4611,652,0.8121606685860686
4611,2300,0.00802572611440766
4611,4413,0.8989104117683463
4611,1154,0.6071984271459101
4611,1156,0.9117475462137793
4611,651,0.6652747142368325
4611,6096,0.11813809789819918
4611,2357,0.4441703055410361
4611,829,0.3490980806398978
4611,2299,0.8562831468687349
4611,4095,0.7209813229503974
4646,4446,0.3954328160750544
4646,2902,0.592109490444881
4646,879,0.04044579970796924
4646,1448,0.23952082294949806
4646,5224,0.5915324293431372
4646,2901,0.9200328562120746
4646,878,0.3379089163712373
4646,2903,0.3645425522127791
4646,4447,0.5366862805036765
4646,1447,0.18793573354605497
4646,5866,0.682556731877852
4646,5223,0.2440658065410739
4646,1449,0.642385377039672
4646,5225,0.40058225971726713
4646,877,0.7078625306431877
4646,2900,0.10227096679679204
4655,1621,0.022289413272596925
4655,5793,0.815513554119053
4655,4454,0.334347394617314
4655,4970,0.28927914286895107
4655,1885,0.41621509880855323
4655,2491,0.5947283185177512
4655,1622,0.5422368486458106
4655,2490,0.9514387639746748
4655,3401,0.6573456185175247
4655,1884,0.2568009000525223
4655,4969,0.4039464398812249
4655,4971,0.43758154815128025
4655,1886,0.3890908091281733
4655,5794,0.20200490247370373
4655,4455,0.6056013109285203
4655,598,0.4089575494212073
4655,3446,0.3210611075222374
4655,2822,0.41344797759671936
4655,1620,0.854011914572875
4655,4333,0.6582002931270333
4655,1883,0.4293504611437342
4655,3400,0.9521141480256345
4655,2679,0.21273201166721056
4655,599,0.29310513038339936
4655,2489,0.9704599459177773
4655,3445,0.9492797995148042
4655,2821,0.1792420703471388
4655,4968,0.8870966799656693
4655,2819,0.7984781672265068
4655,1181,0.3401284640391309
4655,597,0.018574209641354367
4655,3447,0.11338690576840071
4655,1619,0.7797381207145059
4690,4488,0.8843946917003248
4690,5533,0.13801743569000413
4690,5036,0.04552223557303725
4690,334,0.45031337060860765
4690,5858,0.6526758701535291
4690,1978,0.2730844345858403
4690,3097,0.8244790201942811
4690,1977,0.44121864554692036
4690,5859,0.7187577002774298
4690,4489,0.8605545251020753
4690,5534,0.26847529122379166
4690,5037,0.9430763703412803
4690,335,0.5436580366599227
4690,5532,0.8696669681905973
4690,5035,0.7988323947748697
4690,333,0.2992677267255538
4690,5857,0.24270698907768273
4690,5074,0.24925951814486247
4690,4370,0.09320955649597451
4690,5726,0.15324139652526192
4690,1976,0.03938951469008023
4690,607,0.12346872620761962
4690,5075,0.6954508348499485
4690,5531,0.4323992282346708
4690,5034,0.6240667798994927
4690,332,0.6808784120848917
4690,5073,0.26045408112032475
4690,4987,0.8467349281453495
4690,5856,0.7719123939350081
4713,4510,0.45834510501896886
4713,4511,0.03744660483204809
4713,455,0.6887117031436637
4713,3877,0.6370338458234388
4713,454,0.04603205754677375
4713,5398,0.8134660338447185
4713,6395,0.24054902873389727
4733,4529,0.728378173598154
4733,6124,0.7014779832268399
4733,1565,0.36400842534266775
4733,4530,0.6688140583622234
4733,1633,0.34245893579829334
4733,1984,0.2907031817900452
4733,6461,0.7989707334329831
4733,2075,0.12585419025052158
4733,6123,0.1736039376292331
4733,1564,0.49484532110717294
4733,1566,0.9714228016512446
4733,6325,0.11377212014935068
4733,3016,0.2788537914132365
4733,6660,0.7283843992712823
4733,1632,0.29124759107266296
4733,1983,0.3463427155363772
4733,2076,0.9891732500934681
4733,6462,0.13134231526787543
4733,6373,0.37695075407086187
4733,4857,0.7519706596761707
4733,6122,0.5422441379978173
4733,1563,0.2898713330179564
4733,3015,0.3322778683376548
4733,2074,0.5735390245470093
4733,6324,0.7706383211066284
4733,1721,0.28345615734176943
4765,4560,0.41514012637932296
4765,6738,0.3578255693549537
4765,4009,0.9344617618574287
4765,4267,0.499552970451248
4765,2956,0.001805972994356142
4765,2215,0.9990418220636763
4765,2441,0.6730943104248241
4765,6625,0.22420878199875804
4765,4561,0.6978630731207015
4765,6739,0.5380636857177672
4765,4010,0.7974267644785983
4765,5960,0.19316303123886525
4765,6737,0.4968369809397546
4765,4008,0.8912174842217608
4765,1308,0.8513117892415832
4765,4073,0.548333323621606
4765,3804,0.4668784756361849
4765,2878,0.604016215281635
4765,5208,0.3620045344717765
4765,4268,0.39679992272408005
4765,2442,0.4405801728481922
4765,2955,0.06329193446687376
4765,2214,0.5849615343174434
4765,2440,0.6817907040842441
4765,6624,0.9830988954653634
4765,5959,0.2987091175529034
4765,2953,0.3035751671630693
4765,6736,0.21888583493245228
4765,4007,0.5528233847945836
4765,4072,0.2765712818602417
4765,3803,0.08537155384122463
4765,2877,0.8385882550802356
4765,5207,0.3129685995237219
4765,1307,0.43405665808189875
4811,4605,0.25764594738632407
4811,3405,0.6410427229875908
4811,4235,0.7030562566954833
4811,2230,0.046493115391550544
4811,896,0.957138614260239
4811,5545,0.39790936684927736
4811,5425,0.18105488516667956
4811,362,0.800331441720062
4811,3404,0.4153552393357519
4811,4234,0.03331549129036471
4811,3406,0.6953560766076573
4811,4236,0.835723444068028
4811,4606,0.5259514279597394
4811,1889,0.19431334046421955
4811,5797,0.31571699185107194
4811,3737,0.16106228327655914
4811,2229,0.10868706427634067
4811,895,0.5035139510950862
4811,5544,0.16292075455632127
4811,5424,0.9949397165026448
4811,4973,0.886683387905113
4811,1888,0.568596038096867
4811,5796,0.06555959217516427
4811,3736,0.28442066911289354
4811,361,0.17821213351847287
4811,4233,0.3114333199546685
4811,3734,0.6290854491482523
4811,3403,0.44382830489756975
4811,5798,0.5248892332513061
4811,6051,0.5761658455757311
4811,3450,0.6202018601988739
4841,4634,0.6809251968771857
4841,4072,0.7908245092716469
4841,3803,0.1982602601771556
4841,2877,0.16782292654283537
4841,5207,0.7554197013771996
4841,3802,0.10384230834103059
4841,2876,0.1941439293041045
4841,5206,0.675264377538101
4841,3522,0.012557829974039869
4841,5372,0.3587039359152162
4841,2064,0.6697315722776807
4841,1308,0.012555139476672528
4841,4635,0.46341099563450927
4841,4073,0.7519600613836778
4841,3804,0.8476175378946265
4841,2878,0.7689960649239282
4841,5208,0.3424775366032421
4841,3801,0.7467910037573013
4841,2875,0.808486227669671
4841,5205,0.7671968164758719
4841,5371,0.70985382107655
4841,2063,0.39138392369336494
4841,1307,0.4652421911658058
4841,2440,0.8834652910573884
4881,4673,0.14958847299398992
4881,3269,0.22792120914776715
4881,168,0.47776687927745476
4881,686,0.09306432807093101
4881,5462,0.30477478530853597
4881,4097,0.6028914896034754
4881,6090,0.2858114072922944
4881,4674,0.026211931972038638
4881,3270,0.4798677853887927
4881,3268,0.0905243653714004
4881,5401,0.10999550943585679
4881,653,0.8894776282003385
4881,167,0.7841828373085334
4881,4098,0.20417617008696343
4881,685,0.9753080399932252
4881,5402,0.23482561497320087
4881,654,0.21953635563987572
4881,5325,0.21252116711009272
4881,4096,0.045538738259156664
4881,6089,0.01597705785895609
4881,5400,0.6759712230999956
4881,652,0.8066920452209884
4881,4413,0.7429804624001257
4927,4718,0.2745089529412861
4927,1716,0.12646227635047202
4927,4868,0.45753049271881974
4927,5848,0.32571690307981604
4927,3131,0.9195048696080685
4927,6500,0.28273077736824137
4927,5980,0.8863287258008853
4927,1715,0.6174541045288091
4927,4867,0.4119899294647239
4927,5847,0.37478134596742074
4927,3130,0.659296467862533
4927,6499,0.688444015460079
4927,5979,0.9961318444726491
4927,3168,0.15735996884063574
4927,3840,0.5372357344040449
4927,4980,0.7250669780033094
4927,4258,0.5363471111447522
4927,4719,0.02068947200004634
4927,1717,0.8725870416837571
4927,4869,0.38079501873729504
4927,5849,0.5670276553031578
4927,3132,0.3749078605572542
4927,6501,0.48670709322195227
4927,5981,0.643099461883955
4927,3774,0.44562647228580043
4927,1714,0.9674161947238206
4927,4866,0.861118107789669
4927,5846,0.4174098100093996
4927,3129,0.6056080165946395
4927,6498,0.1989650888249126
4927,5978,0.5633965036697101
4927,3167,0.24791929118204126
4927,3839,0.8611431406151541
4927,4979,0.5956929316534604
4927,4257,0.8405538822487203
4927,3169,0.3503818281256399
4927,3841,0.757776134226853
4927,5647,0.6001684248567098
4927,2766,0.7629845218840486
4927,4918,0.9969241729918339
4927,3773,0.8801840467260258
4958,4748,0.25909762352552224
4958,6293,0.26212866014117986
4958,4749,0.29073175340903634
4958,6292,0.8255784210554679
4958,6311,0.27232356148830283
4958,4119,0.9626528119451734
4970,4759,0.9716400683539461
4970,6723,0.3691624912734349
4970,152,0.6325387388913217
4970,6235,0.4010037181230194
4970,1954,0.8271488368261054
4970,4042,0.5599651643675136
4970,6722,0.6188595468651359
4970,2247,0.538306624603968
4970,4951,0.638110389679319
4970,5344,0.5056834206483892
4970,6259,0.44464666877186165
4970,5926,0.6361565284258185
4970,4376,0.5511396219680778
4970,6191,0.39182577144408937
4970,2696,0.1851640337823104
4970,764,0.4941731027205468
4970,151,0.04296976124801577
4970,6234,0.16978896337017657
4970,1953,0.614946607761609
4970,6189,0.21364309103336165
4970,3289,0.9769957613163117
4970,153,0.866225196869622
4970,6236,0.1362195930448633
4970,1955,0.2207877473761447
4970,4760,0.4914236323107771
4970,3290,0.9986814058288496
4970,4041,0.8026783564381833
4970,6721,0.4489085747964171
4970,6188,0.86936724269882
4970,2246,0.05623008115339223
4970,4950,0.14828382013839103
4970,5343,0.1588245264701481
4970,6258,0.314841863301614
4970,5925,0.2393480271042252
4970,4375,0.908165937246657
4970,2042,0.3363819241593191
4970,2695,0.09583217922975495
4970,763,0.09954028523348768
4970,6190,0.6720077929113252
4970,765,0.9809916711682146
4970,150,0.22526558912771522
4970,6233,0.6516630619067331
4970,1952,0.8384889222409923
5013,2119,0.10971915601458815
5013,4801,0.5607802645770232
5013,1202,0.44240336269225844
5013,1201,0.11574484143330599
5013,4527,0.2944152839340304
5013,6219,0.862417911328102
5013,4739,0.8824070354955525
5013,4030,0.4482963595022226
5013,5897,0.4606736812943758
5013,6663,0.5079002198262631
5013,2118,0.003113723558303194
5013,4239,0.9146949554033676
5013,2120,0.1668022124776234
5013,4802,0.5826319478868641
5013,1203,0.890679932716588
5013,5088,0.9742238723888791
5013,4501,0.6514453767847596
5013,3109,0.46642867754881034
5013,4937,0.38608907169591444
5013,5330,0.6039422061583755
5013,5490,0.8810662165612437
5013,2609,0.5162754508518909
5013,1200,0.6852826032838172
5013,6662,0.9639981920988603
5013,6218,0.3717298121844035
5013,4738,0.7448061154712098
5013,4029,0.9722789279232541
5013,5896,0.7345147920220363
5013,1434,0.018232873637366476
5013,4526,0.16095377626988616
5013,5087,0.31179927044609357
5013,4500,0.3114655387377173
5013,3108,0.624900628614248
5013,4936,0.20683290414381705
5013,5329,0.2688953536970481
5013,5489,0.937095596781122
5013,2608,0.09078240424537631
5013,4238,0.6065886480810202
5013,2117,0.03112813758844102
5013,2606,0.0971813341891693
5013,4938,0.6553134908241588
5013,5331,0.4473844692475175
5013,5491,0.08213542149155995
5013,1521,0.8382183510571399
5013,2140,0.5019111842831706
5013,3313,0.636037274565186
5042,4829,0.5121184956814464
5042,6329,0.10006912502336562
5042,374,0.02584920734014129
5042,6328,0.06839183237782087
5042,6007,0.6984040851172646
5042,6468,0.9807396723203208
5042,6330,0.3310063625410098
5042,4830,0.5082901865209201
5042,373,0.7147245199379919
5042,3078,0.6426176378603315
5042,6483,0.23939669488104987
5042,5471,0.13388265089382934
5042,375,0.48472363067975677
5042,6482,0.5214518432585271
5042,5470,0.6481234767256782
5042,6327,0.5454477046268741
5042,3077,0.13595450278409482
5042,6006,0.8107150533557304
5042,2081,0.5436061364226994
5042,6467,0.3022993581270286
5042,372,0.8311560324797889
5042,2079,0.7819484708809746
5042,6465,0.8650017095844496
5070,4856,0.5474055981443187
5070,2892,0.33208515222047685
5070,4857,0.19583833015030128
5070,6122,0.9632236931273043
5070,1438,0.46820031757780434
5070,2891,0.8162338753947007
5070,4370,0.562177228323624
5070,6121,0.025768768005176135
5070,1439,0.8218993359829346
5070,1978,0.4433208340841618
5070,1437,0.8157761729203029
5070,3699,0.4283207853621418
5070,2890,0.6900272368588923
5080,4865,0.15198352833900064
5080,5000,0.9707978975883704
5080,5845,0.17537504373904167
5080,3128,0.4431369215483123
5080,6497,0.6114444644648642
5080,5977,0.4498901920943622
5080,1928,0.07617049659959596
5080,5167,0.20449424141675276
5080,4977,0.46959645806357253
5080,4255,0.04581976904216023
5080,2354,0.5332512408214424
5080,57,0.2504239622605977
5080,1714,0.5996251257174828
5080,4866,0.011590202291633878
5080,3129,0.4747252989601366
5080,6498,0.17765080386544752
5080,4999,0.8225664683072769
5080,5844,0.7757727511618567
5080,3127,0.49289361552065425
5080,6496,0.11743786832667902
5080,5976,0.43546114327432484
5080,1927,0.28778795655614475
5080,5166,0.9985174992727401
5080,3165,0.31309866400044883
5080,3837,0.043220237021381114
5080,4976,0.5566853433877861
5080,4254,0.42643688674234237
5080,1759,0.01269159671161546
5080,2353,0.6802272892671387
5080,56,0.9297412102944825
5080,2931,0.15119870520298206
5080,3166,0.4390420410403405
5080,3838,0.7818689620701719
5080,5843,0.3335625672020831
5080,3126,0.6026777927442188
5080,6495,0.17385611094860476
5080,5975,0.3591544612940021
5080,1926,0.7539928017542139
5080,5165,0.1325865479915015
5080,3496,0.8872336943643417
5080,3164,0.2401619556168867
5080,3836,0.06158759053248031
5080,5644,0.1280510911201207
5080,3415,0.3117195803583922
5094,4878,0.13063445680233243
5094,796,0.8955664166212449
5094,4879,0.18109808358785762
5094,2978,0.3516460430522822
5094,795,0.8885873996703211
5094,6630,0.5074293251876798
5107,4890,0.2690480993466312
5107,2616,0.005806859343177484
5107,3564,0.5700024853809376
5107,3213,0.21849766460644848
5107,3025,0.8938427368422046
5107,3563,0.4721278977189608
5107,4891,0.17439605966869032
5107,2617,0.9191367603301125
5107,5552,0.8969360706545793
5107,5586,0.703892308488094
5107,3214,0.4398592395541283
5107,3026,0.6902842614675874
5107,3212,0.3875856393196764
5107,3024,0.48115260870122956
5107,5585,0.8482451120905752
5107,3562,0.4058008935713694
5107,5551,0.5176782620790192
5138,4920,0.9333460815731659
5138,4854,0.05472523588865963
5138,4921,0.4727568186110067
5138,1553,0.47578199649922115
5138,4853,0.14580190228520395
5138,563,0.9047217920129336
5151,601,0.23406089793353013
5151,4932,0.30862635097900537
5151,3438,0.18152462557871796
5151,5083,0.6685805726925689
5151,4496,0.7472979729770287
5151,5421,0.7685422200513407
5151,5420,0.6557219903309407
5151,602,0.9276165112256067
5151,4996,0.9705200889658601
5151,3437,0.7924501068512241
5151,5082,0.7805063250976753
5151,4495,0.6011711133252242
5151,3439,0.9114092536733844
5151,5084,0.6748420166742088
5151,4497,0.2439406388914691
5151,4933,0.5034241655121282
5151,2227,0.9425537835777733
5151,893,0.5646124923059616
5151,1516,0.49061341819240123
5151,5542,0.5838959230310448
5151,5422,0.4566747296015783
5151,600,0.8696027079603167
5151,5419,0.4632570022126212
5151,4995,0.16573228690648523
5151,2226,0.4975042625021793
5151,892,0.8275567603927423
5151,1515,0.9225550774669626
5151,5541,0.7465696211649044
5151,3436,0.7368213079857059
5151,5081,0.8171291032298538
5151,4494,0.8727683645446098
5151,5539,0.06355147209748058
5151,2228,0.5658553172945961
5151,894,0.419984740720833
5151,1517,0.6220422882116179
5151,599,0.4160607546949363
5179,4959,0.20756669659222082
5179,5658,0.2218822929259474
5179,3429,0.9893936691199086
5179,5657,0.3085941761932409
5179,3428,0.23871365059883387
5179,3851,0.4268358772027885
5179,4601,0.15969965548536713
5179,225,0.8890719161341297
5179,498,0.1458730087931076
5179,4960,0.7776359872384131
5179,5659,0.010338043711059397
5179,3430,0.20638801046196176
5179,5656,0.6526415074791975
5179,3427,0.8609841897238012
5179,3850,0.026824112633563102
5179,4600,0.6288913427756683
5179,224,0.5073879419628359
5179,497,0.7647277718377038
5196,4975,0.37833770529767263
5196,4253,0.36548163002995626
5196,1758,0.7941144475016947
5196,2352,0.1620056284045317
5196,5062,0.9386212489779598
5196,754,0.9880012265728554
5196,1656,0.47959439059702913
5196,4252,0.5254573368614599
5196,1683,0.7014409344537884
5196,4976,0.23237263862098367
5196,4254,0.18015980222420824
5196,1759,0.5261070058754796
5196,2353,0.20222401901562326
5196,5321,0.2623694318697508
5196,1757,0.672751918803009
5196,2351,0.28083291924095777
5196,3126,0.22914407517189883
5196,6495,0.8055975237972656
5196,5975,0.875633022803604
5196,5061,0.5653867731569524
5196,4192,0.6753154619555207
5196,753,0.26091062528792586
5196,1655,0.8695212529563525
5196,4251,0.7878333292685664
5196,1682,0.9643668209323347
5196,6496,0.0711089850299158
5196,2350,0.5677400784994505
5196,5972,0.5256289327431202
5196,1756,0.7860695615207237
5196,5320,0.19652361527960038
5196,3125,0.5670949754449186
5196,6494,0.10394740601918495
5196,5974,0.5858810524360382
5196,3163,0.9497012177370387
5196,3835,0.5309056496652957
5221,4999,0.6697793239320018
5221,5844,0.03899031583083146
5221,6496,0.5284579599165675
5221,4254,0.5166726259298109
5221,1759,0.05471467986444145
5221,2353,0.9832139603784582
5221,4128,0.7135769299883389
5221,3940,0.5754185366505986
5221,4865,0.9197186511799691
5221,5000,0.5819265703040902
5221,5845,0.4804147588627068
5221,6497,0.9456054898508572
5221,5843,0.823079261170444
5221,6495,0.37102856803600814
5221,6156,0.3000783460114417
5221,3836,0.17556021826796697
5221,4127,0.8526884282848828
5221,3939,0.9717064914792919
5221,4253,0.7364514388105138
5221,1758,0.9860566108117912
5221,2352,0.7823665184718746
5221,6157,0.9599068891413762
5221,6494,0.08596043345210636
5221,6155,0.6814026453216225
5221,3835,0.45596877687663884
5254,5031,0.5184718829931444
5254,1870,0.2358873563961228
5254,3387,0.7261546113942617
5254,329,0.6045221760351926
5254,1869,0.8396171791018222
5254,3386,0.0884369906985033
5254,328,0.6563958355544924
5254,3695,0.7976571984942494
5254,5069,0.6780999192792085
5254,1867,0.24407979975999972
5254,3697,0.828699928778463
5254,1690,0.33564174459980345
5254,5032,0.9417655164694199
5254,1871,0.5079526568052669
5254,3388,0.2978861004655805
5254,330,0.4590943488450516
5254,3385,0.6620876498228382
5254,327,0.3450737628360042
5254,3696,0.46749901880114
5254,5068,0.7406328940025709
5254,1866,0.37263626798902416
5254,1689,0.4595388098660027
5254,1364,0.08158860361878684
5254,3694,0.8226982218190916
5254,5070,0.7167192627879202
5254,4982,0.43928197904084876
5254,5918,0.32482916831034325
5254,6124,0.9556209816774242
5268,5044,0.8381310605389567
5268,4746,0.7159543309626983
5268,6717,0.27782907423375836
5268,943,0.006112062248235239
5268,4291,0.351050543566219
5268,6718,0.9936729628074973
5268,944,0.5364979485931474
5268,5045,0.14785470431497139
5268,4292,0.5324147262367434
5268,4290,0.5568955629737099
5268,2392,0.6782663618277316
5268,4745,0.8664934672298521
5268,6716,0.16963394575548596
5268,942,0.1853028439430051
5268,2393,0.1923774260368989
5268,4289,0.1547090583367794
5268,2391,0.6436709886068848
5268,1746,0.22048789255226386
5268,4744,0.1638355447649501
5268,6715,0.017011825992632956
5268,3154,0.4362987321395243
5268,941,0.5941528183624186
5286,5061,0.4639697212191176
5286,4192,0.779513127275162
5286,753,0.6639229945290525
5286,5322,0.9449454802101906
5286,6098,0.08800376724357595
5286,1655,0.8565587815702681
5286,5062,0.7204197703023105
5286,6099,0.4607247568494731
5286,754,0.6361943687915173
5286,1656,0.6489586686393246
5286,4252,0.904985418508835
5286,1683,0.4053598538706269
5286,2349,0.24732814402092795
5286,1654,0.9081997691409682
5286,6097,0.7906158028715948
5286,5321,0.9630030386115845
5286,1757,0.5028182842257132
5286,2351,0.5990627916583275
5286,6087,0.8360623810338765
5286,1159,0.0039276448200535885
5286,4191,0.9716056114318361
5286,752,0.8178762018563451
5286,5323,0.2961538531894542
5286,4975,0.5724177337023315
5286,4251,0.46049945664472436
5286,1682,0.32451997692023216
5286,1158,0.2910949691145437
5286,2348,0.5532959131808148
5286,1653,0.7308531635550628
5286,6096,0.22722587843568287
5286,2350,0.3365192635033434
5286,1756,0.004580555931914976
5286,5320,0.5628027840605314
5286,3125,0.9364021024190834
5286,6494,0.93096663697384
5286,4190,0.7249583981349261
5286,751,0.3440910338804194
5327,5101,0.5842370160341074
5327,4954,0.962829862662748
5327,5347,0.6131519986579504
5327,4045,0.2689431348354844
5327,6262,0.691409260940932
5327,5929,0.809477795969023
5327,4379,0.046882993817399576
5327,5591,0.15496753381826567
5327,4762,0.38302213584826883
5327,4953,0.10369840158335197
5327,5346,0.8159326181088482
5327,4044,0.8090765281171435
5327,6261,0.30570478787852895
5327,5928,0.33381223111235203
5327,4378,0.49061223859362235
5327,5589,0.8222569579682764
5327,4955,0.32799715633130755
5327,5348,0.6768875816245795
5327,4046,0.5388804738328521
5327,6263,0.18833087051197572
5327,5930,0.09135310579957778
5327,4380,0.5849286513800904
5327,5102,0.8818860964770823
5327,2160,0.05866732225641991
5327,4761,0.5721177919467865
5327,5590,0.6881458999562127
5327,4763,0.5618204375616485
5327,767,0.6966541422226764
5327,4952,0.6893626119032878
5327,5345,0.11094865871694992
5327,4043,0.8425688258056678
5327,6260,0.2556890004100184
5327,5927,0.1992463601864609
5327,4377,0.37144287752763117
5327,5588,0.6966180389068672
5327,5570,0.22625394008227195
5350,5123,0.3622484078792858
5350,6205,0.7281654239465263
5350,1271,0.7310788114499014
5350,2056,0.4066761888536934
5350,6204,0.7910936304065584
5350,6206,0.29238482867592963
5350,5124,0.34158340340804216
5350,4556,0.46065221089030084
5350,6249,0.22752199067252588
5350,4773,0.45449465493833685
5350,24,0.5307598604258019
5350,2057,0.010627138024756455
5350,3997,0.162572406070134
5350,1270,0.002588323710949303
5350,2055,0.2632939674836584
5350,6203,0.3635000801283318
5350,4555,0.3558879717766744
5350,165,0.0909920398736338
5350,6248,0.8998205338353309
5350,4772,0.19854698876833488
5350,23,0.8066372270182759
5372,5144,0.7856746263920839
5372,2219,0.4204340092081198
5372,2445,0.4947114746846365
5372,6629,0.8519958599570169
5372,2979,0.6686786993954752
5372,2027,0.3515174437418711
5372,4564,0.9021005764085439
5372,6742,0.6347064232909689
5372,4013,0.15347581032661584
5372,2978,0.9891624413282019
5372,1093,0.7101215235134448
5372,5145,0.8859034217413551
5372,2446,0.5242299718341275
5372,6630,0.020563762486902837
5372,4270,0.5875863939883339
5372,2218,0.9992122147878092
5372,2444,0.9715943813210424
5372,6628,0.3120242656805928
5372,2026,0.4311693681134683
5372,4563,0.7226303197129531
5372,6741,0.6269715794314141
5372,4012,0.5286789257417686
5372,2977,0.23373659739693864
5372,1092,0.895915114155555
5372,4269,0.36536635799417305
5372,2217,0.5313666886855175
5372,2443,0.25150571521294895
5372,6627,0.13177003125250808
5413,5184,0.9778495423541899
5413,2042,0.196163971209788
5413,3331,0.43043065142342496
5413,5608,0.846153639356013
5413,2854,0.5416487485431593
5413,1540,0.5360774699811289
5413,6430,0.34038329909375653
5413,4818,0.977244541390896
5413,2184,0.1034142492149066
5413,4816,0.9721519378968831
5413,3330,0.7041391092099084
5413,5607,0.5495138072713052
5413,2853,0.4324254616893479
5413,3332,0.7310250626787252
5413,5609,0.7349123223295982
5413,2855,0.46341894478228385
5413,5185,0.18135141814600997
5413,2043,0.5546189077416966
5413,915,0.704122693337918
5413,6191,0.06376669502350596
5413,2696,0.08905874904363842
5413,1795,0.041030550101473606
5413,2185,0.7617110806869373
5413,4817,0.44388100621802595
5413,1539,0.17252255334512434
5413,6429,0.19550666104642933
5413,2183,0.8184597358870931
5413,3329,0.42659928693915783
5413,5606,0.15827193502054138
5413,2852,0.5307152540172793
5413,914,0.9153137355343226
5413,2695,0.6882158964888001
5413,1794,0.9637953337736785
5413,6190,0.34676392406271783
5413,4815,0.780285450083434
5413,6723,0.4246627637744953
5449,370,0.17084878594449282
5449,672,0.903473369670938
5449,5219,0.7833592344566799
5449,5862,0.2818920646916102
5449,5863,0.4041374944746434
5449,5220,0.5263949763495851
5449,845,0.12159280783627757
5449,671,0.3969803991958649
5449,369,0.5759269027289422
5449,371,0.6196734926179881
5449,673,0.41127590828167626
5449,6377,0.9344155166596855
5449,6003,0.1669561308937394
5449,5861,0.029256576109023102
5449,2339,0.4737563670288175
5449,844,0.7764050761036644
5449,92,0.46614612852010695
5449,368,0.019053181013984455
5449,6002,0.016927703125446558
5449,670,0.21290359552610882
5449,1286,0.09732749187260448
5449,3717,0.2144272052259898
5449,6376,0.9972632943234182
5449,5860,0.8261635671655292
5477,2732,0.21106184151722873
5477,2989,0.09832765165178547
5477,5246,0.21803821850748129
5477,1289,0.466369395979484
5477,1454,0.768569904338469
5477,2731,0.3881480960964472
5477,2988,0.6103712135727951
5477,2733,0.14327872065924097
5477,2990,0.02817016533975425
5477,5247,0.06837164724063682
5477,5230,0.04953294738346081
5477,4623,0.8457906407734452
5477,2282,0.3574069588210782
5477,3899,0.8203512494480913
5477,1288,0.05885224031310887
5477,1290,0.2563390080681138
5477,2730,0.22879280427190596
5477,2987,0.2364663781720603
5477,4622,0.33916127524547335
5477,2281,0.5692797890834151
5477,1453,0.6352820589925252
5477,5229,0.06951243067152435
5488,5256,0.09325583605637344
5488,5407,0.9549554408065399
5488,659,0.9830990002967784
5488,3207,0.9472785205702337
5488,3206,0.5613447771554866
5488,4419,0.9114237593457267
5488,5467,0.7300393181164182
5488,3275,0.7412854241705359
5488,6011,0.46468740601606906
5488,2413,0.05855685982549008
5488,3208,0.5767652393553203
5488,2641,0.8001845047261029
5488,5257,0.6555465732786462
5488,5408,0.2974835208113309
5488,660,0.13615706914339487
5488,6164,0.49825528889695503
5488,5406,0.3356375995313291
5488,658,0.04437967797600706
5488,3205,0.03667301591138772
5488,4418,0.4325492286089895
5488,6163,0.9650330099036794
5488,3384,0.5524866506678762
5488,1637,0.6852323521344991
5488,1988,0.8782453900528534
5488,4420,0.30347526093884414
5488,6010,0.4146166902576208
5488,2412,0.07923258062095362
5488,2640,0.23853051488436483
5488,5466,0.096847299455178
5488,3274,0.7312470169175359
5488,2414,0.7097969297815819
5488,5405,0.010080871171188166
5488,657,0.9209383755247351
5528,5295,0.7650993968240994
5528,5296,0.6336963833897695
5528,648,0.37788517772167285
5528,6111,0.7322747788480288
5528,6728,0.4197839738421497
5528,647,0.8159230347928825
5528,6110,0.7249143979360545
5528,6729,0.364573575242092
5528,6727,0.06965209887209678
5528,1186,0.26380663790441516
5548,5314,0.4858032263486439
5548,3408,0.04713893273231384
5548,5315,0.34513550579373653
5548,3409,0.18820887885357063
5562,5327,0.6102527772192305
5562,5487,0.8201554974115118
5562,862,0.9369710941814362
5562,3440,0.9286327455674277
5562,5085,0.9978393872027209
5562,4498,0.7428192647182107
5562,4934,0.4560802440139834
5562,3441,0.26381983292998434
5562,5086,0.6375599325956073
5562,4499,0.9787527142947289
5562,4935,0.08912496725229602
5562,5328,0.8195012407914011
5562,5488,0.7581998507829226
5562,2607,0.7652207238408474
5562,2137,0.1482269372645395
5562,3310,0.1825607263953769
5562,863,0.8462095504284302
5562,2229,0.26426089274297837
5562,895,0.9707984474308954
5562,1518,0.23251753224071647
5562,5544,0.7911162016742616
5562,5424,0.5888075645003644
5562,861,0.8062249655829877
5562,3439,0.6380166844413961
5562,5084,0.449132944983311
5562,4497,0.8291397802631241
5562,4933,0.8014984273492609
5562,2230,0.8337703620248614
5562,896,0.9277530511545217
5562,1519,0.060909749028215776
5562,2138,0.7913031722783964
5562,3311,0.6989089896964285
5562,2606,0.07477103187751832
5562,4234,0.38120026435353493
5562,2228,0.20119011491973737
5562,894,0.746676403359298
5562,1517,0.013603846460682134
5562,5543,0.4164545582221455
5562,5423,0.00060774565323507
5562,860,0.009952903351496012
5562,4997,0.011474049654366159
5562,4932,0.7904393027747063
5562,3438,0.7592209219233694
5562,5083,0.051513849998168215
5562,4496,0.857815559996271
5562,5421,0.02837516240632565
5590,885,0.6392372893932879
5590,6587,0.9225780414390654
5590,5354,0.8169830128806028
5590,1833,0.14497906336345767
5590,2424,0.18913198919750862
5590,884,0.570513694732639
5590,6586,0.701756785352743
5590,5355,0.0935602546872284
5590,2174,0.970536604486598
5590,784,0.3100369952060633
5590,4173,0.4134407124299224
5590,1832,0.822970165865496
5590,4903,0.4617814247665113
5590,2629,0.6638590349918708
5590,4172,0.968017005090462
5590,2423,0.0426167762484857
5590,4452,0.00650813738335787
5590,4902,0.7197161062357827
5590,2628,0.38401129304158965
5590,883,0.07793541133188653
5590,6585,0.15094443267709956
5590,3040,0.22345977345643875
5590,2173,0.040432124283967585
5590,783,0.6245555387663195
5590,4904,0.6098483537543773
5590,2630,0.7846228386699773
5590,3038,0.6064719825806487
5590,1831,0.6360523796364105
5590,5941,0.6142729188677575
5606,5369,0.9108704841972959
5606,933,0.4295742795496468
5606,4116,0.46715651533661395
5606,5370,0.6298202883668951
5606,6573,0.22319588821463654
5606,4115,0.10662786664251234
5606,932,0.4993865592063129
5606,1471,0.5645898574081805
5606,4114,0.7875596508646623
5606,6572,0.866081278558829
5606,1470,0.09216553995234722
5606,931,0.24714061182459823
5606,6207,0.8754296816796782
5638,5400,0.2492993659791718
5638,652,0.07146631751906063
5638,2300,0.710123954865583
5638,3268,0.19266459322163731
5638,5401,0.5556551739972305
5638,653,0.6324815689854426
5638,2299,0.4415856534388193
5638,651,0.057791158649253216
5638,2298,0.8769607636514963
5638,650,0.914789101051573
5670,5431,0.8022508907435191
5670,461,0.3186232389908521
5670,460,0.9381035570797103
5670,5432,0.4149463129739196
5670,462,0.6967501747725825
5670,459,0.8934089594290756
5684,5444,0.36492467004640194
5684,3032,0.1728738151097572
5684,1076,0.29438421193690634
5684,2332,0.683658570070364
5684,3033,0.6066211232653341
5684,1077,0.519712706001874
5684,5445,0.23449688721975448
5684,6671,0.8209437564508268
5684,2280,0.07606713576537427
5684,1075,0.08236095006669442
5684,3031,0.41076737523553397
5684,2331,0.6288710738071344
5684,6670,0.8030074380455126
5684,2279,0.9514618337330265
5684,3030,0.49492037676131695
5703,5462,0.7587732657273952
5703,6090,0.8982896983828338
5703,4674,0.2536015458421709
5703,2098,0.5378373578165261
5703,5463,0.01176943471317371
5703,4675,0.802292499805811
5703,4673,0.15825242862445565
5703,5402,0.1048539189844424
5703,654,0.01355172430119811
5703,6089,0.4572157949736908
5703,5572,0.5650181049121978
5703,6091,0.22956532127855622
5703,169,0.24639552070532555
5703,5403,0.8418232019905489
5703,655,0.7161637288941599
5703,277,0.24974149333385165
5703,168,0.04349883101277208
5703,5401,0.6519872395190338
5703,653,0.2634061454268878
5703,6088,0.3379831952444269
5703,4414,0.17319999341400705
5703,5142,0.5278828700218449
5719,5477,0.503647638156031
5719,904,0.07847824463984154
5719,1527,0.9295310595354477
5719,4064,0.24469886181519884
5719,3319,0.587064005906776
5719,872,0.016714066616311363
5719,1345,0.3354470828851436
5719,536,0.1813723349767975
5719,17,0.18221555274291346
5719,84,0.1707642189453893
5719,2684,0.5786229484455508
5719,5094,0.41602377255219847
5719,4507,0.7634987102855528
5719,3115,0.7562995521887007
5719,5496,0.1144701527975126
5719,903,0.5789933095763286
5719,1526,0.055517268251605856
5719,4063,0.12604500262843543
5719,3318,0.8821887993868399
5719,871,0.051760051034349996
5719,1344,0.16514384048819453
5719,535,0.3596685792289427
5719,16,0.4557248753474299
5719,905,0.49748647574029803
5719,1528,0.7797382422884901
5719,4065,0.7739428459289744
5719,3320,0.9620876078587998
5719,873,0.06383124676725471
5719,1346,0.8478568865575159
5719,537,0.4864446641151955
5719,18,0.9936026705449241
5719,5478,0.04385892086713661
5719,83,0.40001168087814465
5719,2683,0.5567612363842046
5719,2685,0.34596054971053847
5719,5093,0.4544793742284198
5719,4506,0.8479177987249125
5719,3114,0.5536213418773002
5719,5495,0.4113131301540953
5719,2614,0.7825258806988659
5719,902,0.21059580761779895
5719,1525,0.9917256339833691
5719,4062,0.01929751091158649
5719,3317,0.7164986952654717
5719,870,0.1707190624851448
5719,1343,0.6729453626879631
5719,534,0.38410398379965005
5719,15,0.9227175186125682
5719,6684,0.3691821612409506
5730,5327,0.06766548777720893
5730,5487,0.8507595265585673
5730,862,0.45916213263233474
5730,364,0.5251255507485831
5730,3440,0.7168174120804011
5730,5085,0.08255831765465405
5730,4498,0.1661043339914452
5730,3106,0.8156842933322135
5730,4934,0.3724785081858015
5730,3441,0.36256308053422015
5730,5086,0.0700976043444892
5730,4499,0.1512689622615052
5730,3107,0.20229992654820894
5730,4935,0.45651795930577654
5730,5328,0.09169972250204228
5730,5488,0.034551640958606855
5730,2607,0.7343936894026063
5730,1336,0.03480080444002087
5730,839,0.10054659386680331
5730,2137,0.8490652401085493
5730,3310,0.4595513881175588
5730,863,0.46291996538074476
5730,363,0.7760377458422145
5730,2229,0.6331881778502209
5730,895,0.4059655177658249
5730,837,0.3203288083180267
5730,1518,0.7336284442180703
5730,5544,0.9694948206708313
5730,5424,0.8180203545406606
5730,4055,0.23043213493623527
5730,861,0.20941129941829095
5730,365,0.07523999736763909
5730,3587,0.2645099900377903
5730,716,0.9715643936773757
5730,2116,0.6507439747254817
5730,3439,0.6824631991464386
5730,5084,0.9259596094538286
5730,4497,0.9054697284651355
5730,3105,0.6165248696672936
5730,4933,0.5757301691844057
5730,2230,0.46854033226903924
5730,896,0.16606312820219926
5730,838,0.7996434941928894
5730,1519,0.08518646095202431
5730,2138,0.4928643166835951
5730,3311,0.0850960791133516
5730,2606,0.4314878813200901
5730,1335,0.7834223472854652
5730,362,0.32190463971322036
5730,4234,0.4235114873389153
5730,2228,0.9979922183915195
5730,894,0.555439198862532
5730,836,0.7070944566475316
5730,1517,0.8529140318733066
5730,5543,0.0697802542160798
5730,5423,0.7498587790895292
5730,4054,0.9050146556841266
5730,860,0.6870274377893996
5730,3586,0.1905363823822286
5730,4997,0.41534403384981544
5730,715,0.19832961771121815
5730,2115,0.9478239303584949
5730,4932,0.8742100679633705
5730,3438,0.43989795540557053
5730,5083,0.3796909104432624
5730,4496,0.6175999687187143
5730,3104,0.9346631216620251
5730,5421,0.0964506926111639
5774,5530,0.010497355117650486
5774,5033,0.4894238167808044
5774,3389,0.5358575913267376
5774,331,0.27896403288636573
5774,6124,0.5999312008972798
5774,2075,0.2866481980281316
5774,5531,0.2558786953671579
5774,5034,0.0412571578030666
5774,3390,0.1512455454364433
5774,332,0.49083041212050815
5774,6123,0.9699557846649374
5774,6325,0.7504785554648158
5774,5032,0.3102140918578259
5774,3388,0.2508172161742829
5774,330,0.8702669427540719
5774,5071,0.20140481406086852
5774,3699,0.37699593018011013
5774,6660,0.18630281152198214
5774,2076,0.8446223294909999
5774,6373,0.8611051381871331
5774,6122,0.27614630794986317
5774,2074,0.8403656398822485
5774,5070,0.3056381467256646
5774,3698,0.7898959934048817
5774,6324,0.011066861500596548
5774,5031,0.30889906713055537
5774,3387,0.7741395981566429
5774,329,0.9641711159503845
5774,1721,0.2660279361994641
5774,4984,0.5781613047483524
5799,5554,0.5131770012000069
5799,6486,0.22437277428260893
5799,5474,0.18156067359254813
5799,1220,0.12370682945221911
5799,5555,0.019855634566021574
5799,1221,0.006494446504294538
5799,6332,0.3747811387278881
5799,1219,0.21288589943524006
5799,6485,0.5922363924417137
5799,5473,0.49241691132593035
5799,1234,0.5234468886686082
5799,6487,0.12165572107221156
5799,5475,0.5444868251075183
5799,6331,0.44918332795597016
5799,4248,0.06995424350583446
5799,1233,0.386115010934416
5799,1218,0.5543076634113758
5799,6484,0.03642182910776681
5799,5472,0.6804119201943951
5799,1325,0.5510638806430954
5818,5572,0.44315849150490993
5818,169,0.21845050986890557
5818,168,0.07387606458383578
5818,5462,0.7692295282251533
5818,4674,0.48135440666276397
5818,1835,0.22709533089539968
5818,5573,0.9169629042015324
5818,170,0.027280356142751705
5818,277,0.4738137750511894
5818,167,0.3320444725630828
5818,4673,0.7671249076404022
5818,2098,0.5604063820359558
5818,5463,0.28524763032409073
5818,4675,0.7616637388782371
5818,5402,0.5446610386306382
5818,654,0.610928354594683
5818,5325,0.7043120021743808
5818,857,0.12544298765311424
5818,276,0.3202567882939257
5827,5580,0.17960084986371094
5827,463,0.22326361829069086
5827,133,0.22078371323079926
5827,6408,0.41823115165582914
5827,3453,0.00852522994468996
5827,2829,0.6085006019325666
5827,6054,0.21951580521748282
5827,6407,0.8160719514048699
5827,132,0.5261246456638002
5827,134,0.48129011290925716
5827,6409,0.316081476289477
5827,5581,0.7441546189649941
5827,462,0.4190374099277966
5827,3759,0.7526160307251809
5827,3452,0.6082675044339078
5827,2828,0.7176464137983913
5827,6053,0.6768296951104037
5827,131,0.1759304769156519
5827,461,0.6992758232386245
5836,5588,0.5675628102096705
5836,1586,0.6814644680044132
5836,4953,0.036045731017842586
5836,5346,0.40236538873762107
5836,4044,0.7991109486959586
5836,1587,0.005996870967973189
5836,5589,0.28781271289367827
5836,1601,0.17520300356133722
5836,5839,0.010713799021221604
5836,197,0.988951967808153
5836,1585,0.9334372732188035
5836,2155,0.6584856672758879
5836,394,0.8637487814553022
5836,4952,0.9780167689274595
5836,5345,0.1539696671311117
5836,4043,0.21576137375138926
5836,4041,0.5399399167697342
5836,6553,0.6159398372976587
5836,1600,0.48262387906745907
5836,2154,0.6026567740178373
5836,393,0.5328337454412366
5836,5838,0.7728183016969199
5836,196,0.41654834069666213
5836,5570,0.19189094272612395
5836,1584,0.3492183005434606
5849,5600,0.8712715529711952
5849,908,0.2438932712254589
5849,1531,0.7259821653520511
5849,4068,0.14667870794351479
5849,2150,0.12059865258804381
5849,3323,0.13426539055311315
5849,1349,0.355269041942585
5849,5481,0.8256398349792271
5849,88,0.29394201760011096
5849,2688,0.5315406535828205
5849,2151,0.8389708852098867
5849,5098,0.7943993348982509
5849,3119,0.48075846689035506
5849,4947,0.8672898637634772
5849,5340,0.7656243456459003
5849,5500,0.7349414008436047
5849,907,0.9778264192163096
5849,1530,0.8944022556623494
5849,4067,0.4222704448123564
5849,2149,0.553043518815166
5849,3322,0.34327058328079807
5849,1348,0.8538202377833908
5849,5480,0.01320533144891145
5849,5889,0.19701561411278712
5849,1532,0.23253340370140319
5849,4069,0.748476313977578
5849,3324,0.9186129204632996
5849,1350,0.642103274352611
5849,5482,0.07668146942436993
5849,5601,0.577431385457878
5849,2715,0.584148380858387
5849,5888,0.06604400419029965
5849,87,0.6401202710742359
5849,2687,0.6746642090580469
5849,2689,0.9859686764713286
5849,2714,0.45427970326414746
5849,5097,0.10069409284200692
5849,3118,0.5108253497142309
5849,4946,0.15025557479799845
5849,5339,0.5966459133532366
5849,5499,0.6623852472974204
5849,906,0.37956941796559585
5849,1529,0.4080473699577526
5849,4066,0.8664507164031211
5849,2148,0.45772919463081785
5849,3321,0.21203412719206693
5849,1347,0.25317345188250406
5849,5479,0.41317213393141516
5868,5618,0.7914647856218721
5868,5916,0.6135611144092935
5868,1496,0.6875338222859352
5868,3767,0.0894911250931213
5868,5362,0.9523397069801884
5868,791,0.31684249293377686
5868,3691,0.5153275590284829
5868,1495,0.18378594340393484
5868,1361,0.592133721919242
5868,5619,0.43543738667726173
5868,5917,0.3739594411291427
5868,3278,0.6345917607878079
5868,587,0.9409299520283495
5868,5915,0.8883618711769652
5868,2431,0.030259112327328475
5868,1497,0.8814250788798373
5868,6345,0.20564156933687106
5868,1494,0.9461511683153079
5868,3277,0.4844314164749861
5868,3768,0.18335948964145876
5868,3692,0.90203517666542
5868,586,0.6860463342830139
5868,3766,0.2601352030511257
5868,5361,0.9969730129634069
5868,790,0.2898908774777824
5868,3690,0.5803973764682337
5868,1360,0.4900769463968788
5868,5914,0.11536191772608329
5868,2430,0.21352134978863468
5894,5643,0.2660910474940211
5894,1765,0.8674057984265912
5894,3414,0.262926301630948
5894,3499,0.3003857286459164
5894,3498,0.23894578278711276
5894,1764,0.00016654039537056242
5894,3413,0.3885234149051169
5894,6156,0.5133575884933506
5894,3164,0.16688776073075773
5894,4586,0.43581108949939673
5894,5644,0.26060814622369033
5894,1766,0.7715262126947992
5894,3415,0.40287505795398637
5894,3500,0.5774135778510473
5894,1763,0.4575929806945307
5894,3412,0.8919317535181691
5894,6155,0.6088246438020455
5894,3163,0.32932888430304386
5894,4585,0.860026153067761
5894,3497,0.9093603828804889
5938,5686,0.032286030808433286
5938,5687,0.3785342458540464
5938,463,0.8807896244163399
5957,5704,0.7199240633284153
5957,2321,0.6288253201516143
5957,5888,0.5076846762300545
5957,4514,0.631067107323541
5957,2576,0.5809434079023141
5957,4513,0.2669188711377025
5957,2575,0.7575895085283354
5957,2651,0.04956818494054638
5957,5887,0.14100231745870495
5957,875,0.1158779924755865
5957,5889,0.18553525855830144
5957,4515,0.643896084477004
5957,2577,0.896944392476521
5957,5705,0.436122577886223
5957,2322,0.1312285872430643
5957,2650,0.34850212667758396
5957,3188,0.474322660577437
5957,2574,0.31824058289500523
5957,4512,0.9938538310431725
5957,5886,0.670902760746724
5957,1120,0.8127416848798684
5957,874,0.3575585465643939
5982,5728,0.798726386757026
5982,1735,0.78896679897854
5982,467,0.8728241305541384
5982,5729,0.9570829116425869
5982,1734,0.6268873982047135
5982,466,0.11779494256768341
5982,1897,0.2364422097861525
5982,468,0.23087443996769386
5982,4444,0.2049363638960574
6015,5760,0.6293970459729893
6015,3853,0.6168600609562549
6015,5637,0.7069576835685041
6015,4603,0.5480082540754979
6015,500,0.9457931105687626
6015,3432,0.9909160665093515
6015,3433,0.15556229419967493
6015,2530,0.6018654301723081
6015,6365,0.9077860530874624
6015,1944,0.19014364484620194
6015,5761,0.6816055853674033
6015,3854,0.9254960692013641
6015,5638,0.09850128379604439
6015,3852,0.5911125408325597
6015,5636,0.9601256110542236
6015,4602,0.24222681934322
6015,499,0.7554924298033406
6015,4961,0.630063939293056
6015,3431,0.5471963205859783
6015,2529,0.09837813482503466
6015,6364,0.009895974403503094
6015,1943,0.7512501122802515
6015,5182,0.14026705930808714
6015,5758,0.3275200403358143
6015,4962,0.7129282755186019
6015,3851,0.478071821101572
6015,5635,0.708846082229363
6015,4601,0.5794309758785174
6015,498,0.30737745324692534
6015,4960,0.8509156233157861
6015,3430,0.10729883887797487
6049,5793,0.6360201826103413
6049,4454,0.5877837030925938
6049,4970,0.23340115922585136
6049,1885,0.8124277101634274
6049,2491,0.5086337608276066
6049,2490,0.41454623170295923
6049,3401,0.730781951546911
6049,1884,0.2288647010515098
6049,4969,0.1572544471329672
6049,4971,0.21305078269452493
6049,1886,0.9123135337590498
6049,5794,0.5582876362902112
6049,4455,0.5756954875256085
6049,598,0.5233933723116587
6049,3446,0.12217411952783885
6049,4333,0.767924373512478
6049,1883,0.15547155385271172
6049,3400,0.3846391496712315
6049,2679,0.19232590721079024
6049,599,0.6352819141333574
6049,2489,0.7921855854423354
6049,3445,0.9756802766220846
6049,4968,0.8584888044374491
6049,1181,0.08895949713663809
6049,597,0.6626809287165263
6049,3447,0.2515502589671128
6069,5812,0.6657984906202989
6069,3069,0.8781134482308379
6069,4259,0.9248830493899469
6069,3696,0.4347037402300148
6069,1866,0.09945932680430924
6069,1689,0.37087597977312015
6069,6477,0.17302213748698803
6069,5813,0.7777161507546989
6069,3070,0.5772249879865632
6069,4260,0.0005720195643910131
6069,3068,0.4060832870372637
6069,4258,0.7191984329917884
6069,1717,0.14426859687146198
6069,4869,0.2746354156827554
6069,5004,0.3680533469787516
6069,5849,0.9370438387463066
6069,6501,0.5793196666113112
6069,3695,0.7574042908464125
6069,2766,0.9895016021386178
6069,4918,0.9869764744795829
6069,1865,0.7617621387742504
6069,1688,0.5743863261560253
6069,6476,0.026537995200723197
6069,2519,0.11518461878987918
6069,1718,0.37534987384745055
6069,4870,0.5803443559017837
6069,5005,0.8838289268332837
6069,5850,0.6003556326761355
6069,6502,0.4537198031770532
6069,3067,0.8273620380841219
6069,4257,0.17661357041091497
6069,1716,0.19195239554077392
6069,4868,0.08165037697500066
6069,5003,0.5440579572370684
6069,5848,0.9877979314894794
6069,6500,0.3561104257053791
6069,3169,0.6782140812188682
6101,5843,0.1203810495189932
6101,6495,0.7103010786061968
6101,4253,0.5595048887567077
6101,1758,0.3530143068420293
6101,2352,0.7402235934159783
6101,4999,0.44420140535647645
6101,5844,0.2854719303590162
6101,6496,0.24050446703284867
6101,5320,0.9443969226423473
6101,6494,0.528063295996994
6101,3248,0.6444540613135581
6101,3835,0.04677990176686997
6101,4252,0.41026060609697357
6101,4128,0.3568233830360301
6101,3940,0.4732945956045169
6101,3247,0.3932777486670649
6101,1757,0.4182526041188537
6101,2351,0.5423263085855827
6101,3836,0.7313251123153692
6101,6493,0.5954661963720181
6101,3249,0.8428263961395939
6101,5319,0.27597983912670876
6101,3834,0.35140864483468925
6101,6762,0.6981935014246574
6127,5868,0.8370983522385875
6127,4966,0.05065071200127125
6127,4965,0.8617500677436164
6127,76,0.8026293902357104
6127,4967,0.04690055960693951
6127,5869,0.3615192255802726
6127,75,0.7447009185934625
6127,4964,0.46644821267515635
6127,3443,0.4489758854723095
6153,5893,0.46947753463319153
6153,859,0.22950945930021538
6153,2834,0.8845293174253265
6153,4196,0.5471509691871632
6153,3048,0.33549602005245394
6153,4195,0.44125267415938374
6153,3047,0.33314571255712144
6153,2833,0.4885184684710081
6153,3729,0.7045457164580339
6153,2113,0.0043247758942435155
6153,4690,0.028864746477004544
6153,1104,0.8170869912995098
6153,2604,0.3661591419814225
6153,1333,0.45550114290125165
6153,595,0.6013912704668081
6153,4027,0.533627130479042
6153,6216,0.9957541599024216
6153,4736,0.2805720718920949
6153,3149,0.7999164880143116
6153,5894,0.13734358851934725
6153,860,0.42996594815660916
6153,4197,0.27750160074169616
6153,3049,0.5059159440703067
6153,4194,0.644191171448205
6153,3046,0.424520759047069
6153,3728,0.07973112147438322
6153,2112,0.8534608942879554
6153,4689,0.12672050751062858
6153,1103,0.17314122421752176
6153,2603,0.6995506390609949
6153,1332,0.6161886473174213
6153,594,0.21547210148700813
6153,6215,0.1930472279506965
6153,4735,0.28413363405476566
6153,3148,0.00046129122227767105
6153,2114,0.35898917529798313
6153,4691,0.5924049818332218
6153,5267,0.6082992653208568
6153,5418,0.1478602405712165
6153,716,0.9702414905097344
6162,5901,0.442767683941681
6162,5902,0.32009530351947235
6162,4162,0.9387485922286071
6182,5920,0.8420993954445146
6182,6253,0.9473233378505582
6182,3377,0.8050108423671847
6182,295,0.13200092030964827
6182,296,0.5175398925977048
6182,6252,0.41179988202388984
6182,3378,0.020870107657341985
6182,6254,0.72153055532741
6182,5921,0.6601299059631938
6182,2648,0.9271302671677014
6182,3186,0.8448948606089682
6182,3376,0.09973545808815276
6182,294,0.39600619291361727
6182,2647,0.09772250413170847
6182,3185,0.22873414291082517
6182,2645,0.5416952753636357
6182,3183,0.773419448797963
6182,6153,0.8736442300088629
6182,3375,0.8049328884719668
6182,293,0.6654935514153495
6182,560,0.9648578049263526
6206,5943,0.31426029102025155
6206,6731,0.15772923765955515
6206,2784,0.8096533542555774
6206,5944,0.39589446204267664
6206,665,0.35257985409950177
6206,6169,0.4974288519068121
6206,248,0.1456360990361868
6206,2783,0.39565723984850565
6206,6730,0.9141425605545739
6206,279,0.8626479098816618
6206,664,0.7272611376705583
6206,6168,0.1958107543551365
6206,3210,0.6848422299301413
6206,5578,0.5554152303046228
6226,5962,0.4578058244206482
6226,6725,0.29148835266052675
6226,1645,0.7475545668514881
6226,3532,0.6605973034916647
6226,1317,0.08901425537197027
6226,5217,0.07560807123813817
6226,2341,0.47716254626364574
6226,5963,0.6862987334780289
6226,1646,0.39695277231478054
6226,3533,0.2981155275992585
6226,1644,0.6218591956404184
6226,3531,0.12492730106050565
6226,6726,0.5137284404404531
6226,254,0.167992046507478
6226,4183,0.7210260976854214
6226,744,0.9434682241859544
6226,1211,0.8600162558347524
6226,3369,0.6496315016804459
6226,4788,0.4319169360878655
6226,5139,0.03308789698358805
6226,3237,0.24641287236834053
6226,1911,0.5777108089899985
6226,4569,0.6137209092209396
6226,6747,0.17659694573142903
6226,41,0.35213461747137254
6226,1316,0.5722082590775115
6226,2886,0.30809377994906006
6226,5216,0.7829456912203097
6226,6094,0.8023699066345551
6226,1643,0.5709215220182134
6226,3530,0.8976995224075279
6226,4182,0.0853152427278594
6226,743,0.2691447945626151
6226,1210,0.11115122956728407
6226,3368,0.5721749257602454
6226,4787,0.579975922154229
6226,5138,0.13992924129126738
6226,3236,0.8102637412213284
6226,253,0.5054748012616548
6255,5990,0.6605348908498635
6255,226,0.443869794668063
6255,5991,0.07721715283237307
6255,225,0.45966273896439946
6279,4242,0.6167257826696736
6279,6013,0.08479366364576435
6279,6014,0.5602758579577368
6279,1771,0.43926568095381235
6279,4241,0.42233772743693077
6279,4243,0.7512517835705821
6279,843,0.8893695786197945
6279,1770,0.5522938204363602
6279,1772,0.3010270872903499
6279,4240,0.17160816222217723
6279,842,0.49463466384373556
6303,6036,0.9767517570928903
6303,6003,0.8606561735206611
6303,2405,0.36913645778955273
6303,1356,0.43283290134126007
6303,5725,0.6525590690700761
6303,1975,0.8358527863595594
6303,370,0.08098689918028723
6303,5724,0.20552745905885028
6303,1974,0.20028216752030015
6303,6002,0.9728103790558441
6303,2404,0.6403684584404951
6303,1355,0.851196210742478
6303,6004,0.7910052388280175
6303,2406,0.25035035799548244
6303,1357,0.7333341441236351
6303,6037,0.5881102977133751
6303,5701,0.2634551471024452
6303,4368,0.020449004363687684
6303,5726,0.7769724268249527
6303,1976,0.7364920945097974
6303,607,0.7240926473592089
6303,5723,0.14037475087922635
6303,1973,0.6664235783512981
6303,6654,0.6702462113624571
6303,2595,0.32830933960124753
6303,369,0.7480663879168267
6303,5700,0.4220465196528168
6303,4367,0.681207577438538
6303,1354,0.7252473450213758
6303,6001,0.03812337195355442
6303,2403,0.9039661908713257
6303,606,0.9927118581542453
6319,6051,0.5099113499668084
6319,3450,0.7413883901427182
6319,2826,0.14315610338809237
6319,4204,0.17086123865219527
6319,3056,0.3784510962644304
6319,4203,0.7265553326174764
6319,3055,0.8859912034607136
6319,360,0.33422373163918173
6319,3449,0.9027902340843534
6319,2825,0.47483574568398257
6319,3451,0.3349938634456028
6319,2827,0.5239761433521842
6319,4205,0.43251006872312137
6319,3057,0.5665232378978237
6319,6052,0.39550199904738437
6319,3663,0.24972450637336507
6319,3867,0.179312096408074
6319,1110,0.41388839865505966
6319,5876,0.6781181223137931
6319,1889,0.8785388671950722
6319,5797,0.6938909795008946
6319,4458,0.35918655914666375
6319,3737,0.4767439256355418
6319,4973,0.49787464136617987
6319,5875,0.22025758662682626
6319,1888,0.6106534480585321
6319,5796,0.44798508904993173
6319,4457,0.2702644299417041
6319,3736,0.9588259143783134
6319,4202,0.0846616173162803
6319,3054,0.025985411475463183
6319,3448,0.7192288702853012
6319,2824,0.7324678350516735
6319,3866,0.07763207682244089
6319,359,0.8544537468509003
6319,3662,0.8221139984568981
6319,1109,0.4574921851717717
6356,6087,0.6313656284424013
6356,5323,0.1338633415877043
6356,4094,0.1571961830006352
6356,5061,0.8296849345194053
6356,4093,0.1797400560029183
6356,5322,0.344403518794558
6356,6098,0.7427041910473118
6356,2359,0.0559284905554448
6356,5324,0.8771496561136707
6356,4095,0.9742112792088002
6356,6088,0.7222613773890677
6356,4414,0.6779852224270723
6356,6097,0.9072303845423162
6356,2358,0.8967792369002259
6356,4413,0.06989266690721263
6356,5062,0.42653350277022084
6356,6099,0.7352949500470485
6356,2360,0.9436876569158696
6356,5321,0.7050507575154358
6356,6459,0.6528183244189908
6366,6096,0.6655494479255366
6366,2357,0.014431885050537052
6366,1157,0.3392388666867683
6366,1654,0.8577114433587255
6366,6097,0.8043716764141471
6366,2358,0.3910375473949388
6366,1753,0.47517430935995275
6366,1755,0.4668153986624701
6366,1653,0.7902410553127313
6366,1752,0.9923209135151152
6366,6609,0.05858028368378643
6366,1156,0.84576920170974
6366,1754,0.919482060597623
6384,4223,0.5168400833380523
6384,6113,0.8668724157746176
6384,5992,0.4004246425741813
6384,5182,0.8326515519156009
6384,5758,0.5656283206111596
6384,3581,0.05002903435661865
6384,5993,0.005881327894269095
6384,6114,0.3172822214925801
6384,4222,0.5913045687418501
6384,1555,0.2682288421244178
6384,5181,0.6485026793225576
6384,5757,0.8059647180733396
6384,4224,0.492945420895316
6384,5991,0.16465689196568067
6384,512,0.59579327052244
6384,2222,0.6500050156788096
6384,888,0.49418364141500803
6384,4221,0.5484310822482525
6384,3783,0.009455678471510187
6384,5180,0.26202377999606674
6384,5756,0.1439609661412582
6384,5990,0.9326063997595787
6398,6126,0.161781230359483
6398,4883,0.6248573304053071
6398,3195,0.8360879116640855
6398,4882,0.24645076739347094
6398,3194,0.1178278100058251
6398,801,0.5138377427796322
6398,6127,0.4448386852235505
6398,4884,0.8239383500798806
6398,3196,0.33453569469099
6398,4881,0.790698314726206
6398,3193,0.7329568785314389
6398,800,0.020644619791735375
6398,5295,0.9242113156403792
6398,2797,0.1721934355125927
6428,6155,0.09014351279140487
6428,3835,0.7125868065330441
6428,6495,0.2328437563599478
6428,6156,0.3349771743261548
6428,3836,0.6498860796899953
6428,5319,0.11524974466823945
6428,3834,0.11052175811744092
6428,5318,0.05544087899849115
6428,5643,0.9391078176695004
6428,6494,0.4530392304628065
6428,4799,0.35793638328777266
6428,3833,0.15267626440473003
6450,3590,0.015249053838920612
6450,719,0.7598482427318654
6450,6176,0.5210740525555954
6450,1202,0.249656362128312
6450,1201,0.41129519550389015
6450,4527,0.03677193328219741
6450,6219,0.20958051220900076
6450,4739,0.20259216331578345
6450,4030,0.3311558226432404
6450,5897,0.2500202416485924
6450,6663,0.24126451718456376
6450,3589,0.7547763258308647
6450,718,0.7141871318589424
6450,4239,0.5961213890205292
6450,3591,0.14027123726904023
6450,720,0.2810695924902381
6450,6177,0.4826774782895582
6450,2771,0.10516973943702224
6450,1203,0.32700777075948084
6450,5088,0.09395645153962295
6450,4501,0.6601744751424982
6450,3109,0.0485188503515086
6450,4937,0.4868542099895746
6450,5330,0.18273559557968055
6450,5490,0.21564070587147477
6450,2609,0.5086191393430542
6450,1200,0.5077232201661286
6450,6662,0.37865517727438747
6450,6218,0.7894557453839496
6450,4738,0.7813416818840387
6450,4029,0.6393471714857453
6450,5896,0.07268676077820446
6450,1434,0.7426345327121644
6450,4526,0.908983264763295
6450,5087,0.7937158081673051
6450,4500,0.4984344613519236
6450,3108,0.7775348519222267
6450,4936,0.9671651463195693
6450,5329,0.3151754558209753
6450,5489,0.523575377894642
6450,2608,0.6022902888293367
6450,4238,0.20601305076758591
6450,3588,0.8870976843910754
6450,717,0.8967170455151172
6450,2606,0.16973672041787524
6450,235,0.05485805816203859
6450,4938,0.8098912785819438
6450,5331,0.48503464328620693
6450,5491,0.5738920454874127
6450,2770,0.1339116800984662
6450,2232,0.4625585763733755
6450,898,0.5981269828831147
6450,2140,0.31795541399331295
6450,3313,0.5364563091183976
6484,6209,0.9557183405317325
6484,3142,0.39352545242551173
6484,512,0.16918700025820854
6484,6210,0.0036331961011507596
6484,3143,0.04064973351807111
6484,4991,0.09240715297710556
6484,3141,0.7575900879125491
6484,511,0.5843324817256197
6484,4990,0.5010864835788913
6484,3140,0.46684646268326624
6506,6230,0.16438308456231476
6506,2243,0.2776138344439546
6506,909,0.7421897853702675
6506,4069,0.6141861687058348
6506,1350,0.6814582878547744
6506,5482,0.28090095071083687
6506,2715,0.7555735564047342
6506,5099,0.4174453294896272
6506,3120,0.9428602769959876
6506,4948,0.18402250533946074
6506,5341,0.15249078952654893
6506,5501,0.6803194267087486
6506,2714,0.9236615430302503
6506,2242,0.004646231719916183
6506,908,0.16496568977656545
6506,4068,0.011863132799445841
6506,2150,0.29922237075668445
6506,1349,0.1085141880477366
6506,5481,0.6528227779777074
6506,910,0.3939572553413122
6506,4070,0.37352515262563046
6506,1351,0.2055554445736404
6506,5483,0.7519681438531838
6506,6231,0.8155954617978706
6506,2689,0.9729607568858448
6506,2716,0.5665468109828738
6506,2713,0.5661780106624026
6506,5098,0.7322067037828699
6506,3119,0.33651923898864233
6506,4947,0.730560865324093
6506,5340,0.5643348665145557
6506,5500,0.33290672986670133
6506,88,0.035208180895317076
6506,2688,0.9969789548712892
6506,2241,0.17153940259758638
6506,907,0.8010111407191529
6506,4067,0.9569189461826202
6506,2149,0.6638154586533696
6506,875,0.07400784310795927
6506,1348,0.8826813322105916
6506,5480,0.12883527595168165
6506,2690,0.429912088458124
6529,6252,0.6771770288276925
6529,452,0.9766018613655985
6529,5920,0.21205851425424294
6529,6253,0.3817017324435956
6529,3377,0.7971695862280209
6529,295,0.1442089234944094
6529,453,0.6525389271403417
6529,451,0.911513210356746
6529,1948,0.4654641900838671
6529,2747,0.4625102047317837
6529,3376,0.6526397192279183
6529,294,0.05497737515931156
6529,561,0.8960459451030878
6529,450,0.6155668556351337
6529,3182,0.8499237120827456
6529,2644,0.30773875576870857
6573,6295,0.004149234231050403
6573,6296,0.3601076774022166
6573,4218,0.6005257567645023
6573,5442,0.24585882753651056
6573,4217,0.0817245024016151
6597,6318,0.9219326143099102
6597,5648,0.32063267017926955
6597,3841,0.9565795711428362
6597,6319,0.9219778954283161
6597,5649,0.4549657358992726
6597,5647,0.8738671139580131
6597,6293,0.10625533667625198
6597,3840,0.810911656136793
6597,4352,0.8639898192005038
6597,1038,0.41751699833463773
6597,5646,0.9268367187709595
6597,3895,0.9657233690177466
6616,6336,0.5304566813046139
6616,6337,0.28920720900484664
6616,307,0.6960596515346219
6616,3541,0.6169736610365338
6616,3257,0.7523773536366919
6616,308,0.8370011805359185
6616,3542,0.7641387694818008
6616,3258,0.9927391727095154
6616,306,0.669674184433372
6616,3540,0.279142868552839
6616,3256,0.5972721775052113
6626,6345,0.8093435463782723
6626,4913,0.38432192064044257
6626,2639,0.421863571139533
6626,3767,0.7692020413214897
6626,5362,0.4245210393564426
6626,791,0.2743319705824002
6626,3691,0.4342018178282976
6626,3276,0.9302406645717575
6626,6346,0.5524498332254865
6626,4914,0.9896050035937548
6626,2640,0.055599542282094294
6626,4912,0.3450323842713674
6626,2638,0.9900220351897291
6626,585,0.06568421946935865
6626,3766,0.5835276553865336
6626,5361,0.7016165570898704
6626,790,0.00015342491785019785
6626,3690,0.9516026932943213
6626,584,0.38773133184772735
6626,321,0.36579692971763733
6626,3275,0.04795662869680539
6626,4911,0.7790617211215833
6626,2637,0.9576199695376163
6651,6369,0.8680268529878424
6651,3846,0.9654083760960093
6651,2889,0.30739424524002223
6651,2890,0.4848135202619349
6651,6370,0.21976968970906408
6651,3845,0.5461390443166948
6651,2888,0.9142165574795104
6651,5653,0.10762837364719546
6651,1436,0.27181277224566336
6651,3844,0.35805232385412666
6651,5652,0.9923849239604668
6665,6382,0.691996415487626
6665,6383,0.6018774311508939
6665,2135,0.4474045483505853
6665,2084,0.8299794602256512
6665,2134,0.6391741277295813
6665,1142,0.12429285261356648
6681,6397,0.8744936921607798
6681,470,0.6836418521253702
6681,995,0.07739619534235054
6681,1900,0.6880253537858732
6681,6398,0.25869475207599035
6681,471,0.09563518374611213
6681,469,0.8514219527534099
6681,5731,0.8871469092298471
6681,3701,0.3511415607464662
6681,996,0.2933608325684304
6681,1901,0.22067588884546108
6681,994,0.7774332244027704
6681,1899,0.6976491674293911
6681,2158,0.6256166843614601
6681,468,0.5895062365277531
6681,5730,0.5105678322667924
6692,6407,0.8916083860054997
6692,3974,0.9891743641216304
6692,4671,0.9263164327923689
6692,3869,0.46724453939671007
6692,6528,0.5548095754614972
6692,4145,0.4577252859815202
6692,4702,0.9298169970964195
6692,132,0.45057035710930204
6692,5678,0.7660887795511774
6692,5281,0.5376502900783514
6692,5775,0.07215748326545413
6692,2544,0.8243413372744886
6692,2828,0.9489929521294876
6692,4206,0.7549334903263606
6692,3058,0.9001063731964503
6692,6053,0.12582149227940997
6692,3664,0.8920417381000747
6692,3973,0.764409044573705
6692,4670,0.7475308260952263
6692,3868,0.4872577763440875
6692,6527,0.5517948650428658
6692,4144,0.8442299029079997
6692,4701,0.5653541670367316
6692,131,0.12833929913228959
6692,5580,0.06964566443376452
6692,3870,0.3089045239685394
6692,6529,0.921022414952753
6692,4146,0.7764495002028852
6692,4703,0.2026242038491992
6692,133,0.20922622269876667
6692,6408,0.23250402694539773
6692,5677,0.14382325003523355
6692,5280,0.3839901853737602
6692,3972,0.7779060060551782
6692,4669,0.11102237341166865
6692,5774,0.003630929370989966
6692,2543,0.5968108999256152
6692,2827,0.035644247695974074
6692,4205,0.9613075177423654
6692,3057,0.04679564026766303
6692,6052,0.8925758098478223
6692,3663,0.6716480442058035
6692,130,0.07077301172748207
6692,3867,0.40164954739957703
6692,6526,0.8020481034295293
6692,4143,0.6875533953145244
6692,4700,0.2041300733901812
6692,229,0.816929882990393
6735,6449,0.8347798967898332
6735,5459,0.819741209131439
6735,1781,0.12160122804489237
6735,5458,0.1825485789338881
6735,2784,0.8717179315207477
6735,2636,0.36853922709782794
6735,5121,0.630540756165594
6735,1780,0.30822668129985775
6735,6450,0.5681451932363213
6735,983,0.5252429448670615
6735,1782,0.5806666904721298
6735,5460,0.8130128723553144
6735,248,0.03828741314583739
6735,5457,0.7166495776456538
6735,2783,0.8864768741781491
6735,2635,0.04825798378377544
6735,5120,0.8877607071831447
6735,982,0.8453835109250979
6735,1779,0.4720030422142182
6735,3210,0.31292633351983323
6735,5578,0.5560023849722616
6748,6461,0.961175687706588
6748,2075,0.47305632595190816
6748,6123,0.2595971822814689
6748,1564,0.6890417809285273
6748,1632,0.35833886143922744
6748,1983,0.7721671070460696
6748,2076,0.7689583959465811
6748,6462,0.23854126182421997
6748,4857,0.9315275968491674
6748,6122,0.44776088567844463
6748,1563,0.6269309058472355
6748,4529,0.7314921688907994
6748,6124,0.8275449283076978
6748,1565,0.825642507152003
6748,3015,0.7137347537337859
6748,2074,0.8874643471406701
6748,1631,0.7454113766777477
6748,1982,0.8308519181911661
6748,4370,0.5120413444373877
6748,4858,0.7460783222290718
6748,6121,0.27907970042707564
6748,1562,0.2831469178793765
6748,1439,0.507101303330904
6748,3014,0.05841212372313209
6748,4856,0.6127534782442439
6748,3699,0.13832340194504178
6748,2073,0.5686321326163283
6764,6476,0.7541059236954865
6764,2519,0.2550581497632429
6764,4720,0.7524005077337597
6764,5005,0.2827554565428003
6764,6502,0.5166480363111664
6764,6477,0.1321679437871044
6764,5813,0.6788543264699424
6764,3070,0.19601571471050494
6764,2520,0.9618367909474413
6764,4721,0.019093307391452985
6764,5006,0.5619956508803883
6764,6503,0.5305426532906361
6764,6322,0.30884200517041016
6764,4719,0.3105717327156593
6764,5004,0.43607212201068113
6764,6501,0.6680690017756588
6764,3842,0.6473286702820161
6764,5812,0.875203090377515
6764,3069,0.09891240465405404
6764,4231,0.8482224096240365
6764,6321,0.7415754961344387
6764,3843,0.23763818409755333
6764,3841,0.8812890927780915
6764,4718,0.09060136038204236
6764,5003,0.23718087859097758
6764,6500,0.18076029025872353
6764,6319,0.8895759598450594
6764,5649,0.5681593273091381
6782,3124,0.6913422388461632
6782,6493,0.8262257327370686
6782,1924,0.5498323841336934
6782,5163,0.38351987225680395
6782,5973,0.1826671597426106
6782,3161,0.03753510395559978
6782,3833,0.541236669499496
6782,4583,0.5820412665327882
6782,6761,0.28775856512556897
6782,2350,0.06330329860023176
6782,5972,0.19675979537913546
6782,1756,0.23782429067504685
6782,53,0.06828840766043476
6782,5320,0.3991077103581666
6782,3125,0.6534743669386877
6782,6494,0.9516997073120654
6782,5974,0.6237634658324865
6782,1925,0.17857561527714316
6782,5164,0.07783231214436148
6782,4799,0.04565241997440839
6782,3248,0.5103288628272334
6782,1923,0.5102914574487281
6782,5162,0.2982159050511102
6782,3832,0.47991629489504317
6782,4582,0.2869498343586292
6782,6760,0.4445817663898841
6782,5317,0.32784620772641615
6782,3411,0.4567707939341814
6782,5319,0.7824703921581957
6782,3162,0.597412626978394
6782,3834,0.6187978878342911
6782,2349,0.1618628006347027
6782,5971,0.6906913987940606
6782,4798,0.49577124920255466
6782,3247,0.22046239877780482
6782,1755,0.8248479918026946
6782,52,0.62200256096703
6782,1922,0.38422768375018435
6782,4580,0.539844921761253
6782,6758,0.12826483184151327
6782,5161,0.9653850600012619
6835,6545,0.8838359070760538
6835,5807,0.20859115249554627
6835,723,0.6442492972292552
6835,6222,0.20887838850141482
6835,4742,0.5620780252834637
6835,4033,0.7800436840171115
6835,6666,0.9477812178617947
6835,6223,0.41838996991855193
6835,4743,0.13912276801882117
6835,4034,0.8427244721986226
6835,6667,0.45804838182522223
6835,6546,0.6555688625591666
6835,6714,0.6643731969242014
6835,4469,0.5683159708068901
6835,5806,0.2589851878474848
6835,722,0.759793967805121
6835,6179,0.8368073953727787
6835,5312,0.3283086044453406
6835,5808,0.6512171743958102
6835,724,0.26702523019906776
6835,2840,0.942288237262286
6835,1593,0.9857198588413918
6835,6221,0.9455896569179076
6835,4741,0.1889002557156112
6835,4032,0.10190612628377815
6835,6665,0.3877784646866388
6835,5310,0.7142982837806062
6835,3593,0.4390520444327042
6835,6713,0.8229206261546327
6835,6180,0.00016114991270110846
6835,4468,0.5627406452334496
6835,5805,0.4143849178832997
6835,4940,0.9543823467236208
6835,5333,0.5821159100228188
6835,5493,0.7213149365176054
6835,383,0.42798026383595833
6835,3592,0.07793125890464125
6835,721,0.546305171420822
6835,6178,0.8831614470193645
6835,5311,0.09558146366831799
6835,2839,0.7271572630930375
6835,1592,0.38551638552021494
6835,5309,0.5702816223017221
6835,6220,0.09120796411968846
6835,4740,0.47762550618723265
6835,4031,0.22659780115622397
6835,6664,0.16309386627040978
6866,6575,0.6912005217516307
6866,4466,0.7599474822017539
6866,4891,0.47498310434644897
6866,2617,0.9604538026623617
6866,628,0.490798771247682
6866,4465,0.11712370137012884
6866,3217,0.6784343069281211
6866,1207,0.23372238825035152
6866,4467,0.5547981833843963
6866,6576,0.8210776672375197
6866,5804,0.8883719571968107
6866,3214,0.7103870469661124
6866,3026,0.4935114502421887
6866,4890,0.8330346644699694
6866,2616,0.7584788989206073
6866,627,0.18662779494010284
6866,4892,0.44478963205452604
6866,2618,0.43618994183950555
6866,629,0.9547305399426255
6866,3216,0.8867952578121875
6866,4464,0.06789772802529281
6866,5803,0.6726433676690458
6866,1206,0.2242997831325243
6866,5429,0.997094776309205
6903,6611,0.12746996703627278
6903,5523,0.6192401026769168
6903,5522,0.797169921378848
6903,5524,0.6230884882688326
6903,6612,0.409449721202503
6903,4854,0.971543320590125
6903,6444,0.7316063271009307
6903,3576,0.952361542787395
6903,5521,0.051993385046900875
6903,1553,0.7149735326060667
6903,4853,0.8696027944876371
6903,6443,0.16662341645389522
6903,3575,0.5756985979244634
6925,6632,0.0007042461336778105
6925,4746,0.4943011882849988
6925,6549,0.08487651414928121
6925,4618,0.12981350917944978
6925,2277,0.5738501712767804
6925,2727,0.4600090729691464
6925,6550,0.625622130118748
6925,6633,0.5713171950175343
6925,6183,0.6311305731400955
6925,4617,0.009084078399632545
6925,2276,0.3105979383274886
6925,4619,0.10566567637432156
6925,2278,0.4626919820909413
6925,4745,0.2016191017845128
6925,6548,0.5653431486658119
6925,6184,0.08610454549851165
6925,2726,0.42702438217028915
6925,5497,0.4331721907713949
6925,387,0.21958474905072156
6925,4616,0.8573312167394993
6925,2275,0.1143047715468195
6925,6182,0.05459338186418761
6925,1746,0.3856614044829081
6925,4744,0.030460526879502625
6925,6547,0.4375440010975945
6946,6652,0.6637133523741696
6946,5695,0.885335408415647
6946,2594,0.6762555336707889
6946,6653,0.8761584439055224
6946,3815,0.4729651123488121
6946,5694,0.785863884533256
6946,5696,0.09662096481418192
6946,2593,0.07953703202253148
6957,6662,0.033411462605444586
6957,6218,0.8201715982647695
6957,4029,0.12935133677556088
6957,5896,0.8184493169829499
6957,1434,0.5140488678392023
6957,6219,0.9993800490069789
6957,4030,0.9054208106477188
6957,5897,0.3451687423112597
6957,6663,0.9633185451882101
6957,2836,0.2052335789255364
6957,1433,0.6824689080889695
6957,6217,0.5785224945580846
6957,4028,0.4119357467093665
6957,5895,0.6892487874357258
6957,6176,0.9120714838576686
6957,4801,0.0703045922049369
6957,4936,0.8305974715874158
6957,5329,0.16872122746274731
6957,5489,0.5096526636641613
6957,1432,0.0461255247010216
6957,595,0.7779809820274189
6957,2835,0.8584314804335381
6957,4027,0.46168149284001847
6957,6216,0.12735194025639962
6957,3149,0.3865319716467045
6957,5894,0.05955025237484124
6971,6675,0.06237342459085615
6971,6404,0.8299606852431491
6971,4435,0.7188228038112128
6971,6708,0.5599882953598624
6971,6135,0.8471593867036228
6971,4434,0.18405830197844442
6971,935,0.49745106564519603
6971,810,0.876330124657695
6971,3554,0.2400196740846109
6971,6403,0.3559815388398925
6971,4436,0.5787324082347428
6971,6676,0.08425849552459119
6971,6709,0.2155132381794982
6971,6136,0.9854047238876902
6971,6405,0.037016774196164004
6971,3085,0.5937765125477771
6971,6707,0.5171269758399362
6971,6134,0.53640455491892
6971,3084,0.23697266318753507
6971,5304,0.726249320278757
6971,4433,0.647773318938471
6971,6402,0.14008614641210637
6971,6673,0.7300069461482676
6971,809,0.33168921472543345
6971,3553,0.5109496390800692
6971,2844,0.6640242196050138
6971,6706,0.8324924186671694
6971,6133,0.3134241817554779
6999,6702,0.4349775707331506
6999,3198,0.218365583951877
6999,804,0.8990265922805016
6999,6703,0.8468600484774159
6999,3199,0.7906470577540884
6999,4885,0.6436707014933283
6999,3197,0.19894198701752075
6999,6173,0.1794824281739057
6999,803,0.1851868180695766
6999,283,0.16193593650554894
6999,4884,0.8184740299477161
6999,3196,0.469940174193466
6999,6172,0.3498963176508697
6999,5298,0.5443701507945149
7023,5962,0.17678945016243697
7023,6725,0.5836498554567051
7023,3532,0.5460216419186181
7023,3947,0.8356322813611511
7023,4644,0.3638656105058846
7023,1183,0.4029019670987801
7023,3533,0.8289233223322541
7023,3531,0.5346693657570806
7023,1226,0.5026423172897738
7023,6726,0.18029301013699128
7023,1911,0.8783917573938373
7023,2494,0.6987482846162868
7023,4569,0.07054282336475048
7023,41,0.08908499012224291
7023,3946,0.8898292136954407
7023,4643,0.7098235164626066
7023,2886,0.1766992154645307
7023,6094,0.16572267295700427
7023,1184,0.5105064226509477
7023,3530,0.7205557692856378
7033,6734,0.7026077876027808
7033,4005,0.47672299905773396
7033,2211,0.37612898067858436
7033,6621,0.7750248623119967
7033,6735,0.23669702643506163
7033,4006,0.02505223983725724
7033,2209,0.025680868687748215
7033,4004,0.9538529521320811
7033,2874,0.12950223460339327
7033,5204,0.1446854865985261
7033,3800,0.08843026111390517
7033,2210,0.9243153471309075
7033,6620,0.14612190519179757
7033,3490,0.82165603773175
7033,4003,0.39367917109044326
7033,2873,0.8658980185471946
7033,5203,0.06080550642584848
7033,2208,0.5506433328312081
7033,933,0.8090839670038605
7033,4116,0.8604528195402822
7033,3799,0.6063924808346329
