node,segment,theta
0,0,1.0
0,6487,1.0
0,5475,1.0
0,6486,0.23705543879919289
0,5474,0.04693840640009461
0,1192,1.0
0,1220,1.0
0,6488,1.0
0,5301,1.0
0,6333,0.14097820410562834
0,1,1.0
0,1191,1.0
0,1219,1.0
0,2176,1.0
0,5300,1.0
0,1193,1.0
0,6332,1.0
0,6485,1.0
0,5473,0.23633914904998987
0,517,1.0
21,20,1.0
21,162,1.0
21,6245,1.0
21,5598,0.03513283883788043
21,1072,1.0
21,4769,1.0
21,163,1.0
21,6246,1.0
21,1073,1.0
21,4770,1.0
21,21,1.0
21,4052,1.0
21,1611,0.14374520496050702
21,4386,1.0
21,2943,0.1784069149547851
21,3791,0.12717470278390874
21,161,1.0
21,6244,1.0
21,5597,1.0
21,1071,1.0
21,4768,0.2060376044125688
21,3792,1.0
21,4051,1.0
21,1610,1.0
21,4385,1.0
21,2942,0.1783859122040915
21,2864,1.0
21,5194,0.051474625522308415
21,2052,1.0
21,3790,0.12536708269126773
21,160,1.0
21,6243,1.0
21,5596,0.14179961451776646
21,1070,1.0
21,4767,1.0
30,28,1.0
30,4005,0.13317505865457924
30,2211,1.0
30,2437,0.24375113743564925
30,6621,0.10035209637765341
30,29,0.17799155294406133
30,4006,1.0
30,2209,0.10722477738249281
30,4004,1.0
30,2874,1.0
30,5204,1.0
30,3800,1.0
30,2438,0.0643615268922676
30,2210,0.24813384137645045
30,2436,1.0
30,6620,1.0
30,3490,0.2039767038069018
30,4003,1.0
30,2873,1.0
30,5203,1.0
30,2208,1.0
30,933,1.0
30,4116,1.0
30,3799,1.0
81,78,1.0
81,1385,0.2099596928819376
81,3635,1.0
81,79,0.22536339862792587
81,1891,1.0
81,3739,1.0
81,1112,1.0
81,1386,1.0
81,2232,1.0
81,898,0.016922533542478302
81,1521,1.0
81,5547,0.1282671341677858
81,5427,1.0
81,4058,0.18901655121873362
81,3313,1.0
81,1339,1.0
81,530,1.0
81,1384,0.22849156297787832
81,3634,1.0
81,3452,1.0
81,1890,0.08436668462270935
81,3738,1.0
81,1111,0.18619265321572398
81,1383,0.02409691894407917
81,529,1.0
81,2231,1.0
81,897,1.0
81,1520,1.0
81,5546,1.0
81,5426,0.12079153532407894
81,4057,0.011906940617864237
81,3312,1.0
81,1338,1.0
81,1109,1.0
94,90,1.0
94,605,1.0
94,6001,1.0
94,2403,0.11625449529525334
94,91,1.0
94,604,1.0
94,606,0.004757799367238746
94,1628,1.0
94,6000,0.21580067530874592
94,2402,0.14168304642276774
94,2833,1.0
94,2404,0.20778029042614743
94,6214,0.08922169560474336
94,603,1.0
94,1627,1.0
119,114,1.0
119,4481,1.0
119,2796,1.0
119,6590,1.0
119,5455,0.07881887926115416
119,643,0.16587573601320305
119,5454,0.12388631337994815
119,4480,1.0
119,2795,1.0
119,6589,0.08819712421843084
119,5117,1.0
119,4482,1.0
119,2797,0.20995657729643336
119,6591,1.0
119,115,0.23207554196216107
119,1302,1.0
119,5456,1.0
119,735,0.18117658879629395
119,1085,0.0889616960735875
119,5453,1.0
119,2803,1.0
119,5116,1.0
119,642,1.0
119,644,1.0
119,1301,1.0
119,4479,1.0
119,2794,0.21101577034258112
119,6588,1.0
119,734,0.18955571675295102
136,130,1.0
136,3867,0.24054807525780963
136,3868,1.0
136,131,0.14915461556883858
136,5676,1.0
136,5279,1.0
136,3450,1.0
136,2826,1.0
136,4204,0.11830782264336959
136,3056,1.0
136,3866,0.10419713503875982
136,5675,1.0
136,5278,0.1780731993939526
136,4203,1.0
136,3055,0.00964102054209015
136,3449,0.21540817609791008
136,2825,0.14679777660843196
136,3865,1.0
174,167,1.0
174,168,1.0
174,4673,0.0023297942427001894
174,4098,0.15056469602731304
174,128,1.0
174,1101,0.14660013104422065
174,652,0.18480870837544838
209,201,0.1577435533425654
209,3291,0.2403771589780057
209,202,1.0
209,4090,1.0
209,3290,1.0
209,1738,0.023911049826302433
209,5570,0.08430681024856201
209,4089,0.02529152712842564
237,228,1.0
237,462,1.0
237,229,1.0
237,461,1.0
267,1658,0.21791804647411483
267,257,1.0
267,3999,0.21547832642306686
267,1659,0.14906307810992403
267,258,1.0
267,3221,0.11602852608544567
267,1468,1.0
267,3222,1.0
267,3998,0.034981943834474394
290,279,1.0
290,280,0.22087214662089405
290,6486,1.0
290,5474,1.0
290,1253,1.0
290,665,0.012400533118997248
290,1843,1.0
290,5121,1.0
290,5120,0.05363273335025698
290,2176,1.0
290,4832,1.0
290,6485,1.0
290,5473,0.1479306123516646
290,1252,0.12216415093986677
290,664,1.0
290,1842,0.10249457663992456
290,1324,1.0
302,3372,1.0
302,290,1.0
302,3459,1.0
302,4213,1.0
302,3671,1.0
302,3460,0.07445584287212437
302,3672,1.0
302,3373,1.0
302,291,1.0
302,3876,1.0
302,139,0.10342973253167509
302,6414,0.004591477664552146
302,5885,1.0
302,1119,1.0
302,6149,1.0
302,3458,1.0
302,4212,0.0017706583739595105
302,3670,0.031242830830364055
302,140,1.0
302,6415,1.0
302,3875,1.0
302,138,1.0
302,6413,1.0
302,5884,1.0
302,1118,1.0
302,6148,0.07072813976601755
302,3457,0.051989227510638836
302,4211,1.0
302,3063,1.0
302,3669,1.0
316,303,1.0
316,3253,1.0
316,711,1.0
316,710,1.0
316,304,0.15330693085686764
316,3254,1.0
316,3252,1.0
316,4922,0.1387396594667365
316,564,0.210681116675297
316,4921,1.0
316,709,1.0
316,3251,1.0
353,339,1.0
353,3874,0.11466596087118264
353,6533,1.0
353,4150,1.0
353,4707,1.0
353,6412,1.0
353,4211,1.0
353,3063,1.0
353,3669,1.0
353,3873,1.0
353,6532,1.0
353,4149,1.0
353,4706,1.0
353,6411,1.0
353,6688,1.0
353,2399,0.09301025421407572
353,3875,0.1385567389274701
353,6534,1.0
353,4151,0.03793207172442714
353,4708,0.13037573531226665
353,340,1.0
353,5683,0.00731941866411101
353,5286,0.18473496494909902
353,6690,1.0
353,6687,1.0
353,4210,0.2256229438081867
353,3062,1.0
353,3668,1.0
353,2398,0.2041465770894585
353,5682,1.0
353,5285,1.0
353,6689,1.0
353,3872,1.0
353,6531,1.0
353,4148,1.0
353,4705,1.0
353,6410,0.10883143658508987
367,352,0.2037139842270329
367,1616,0.19371926939464912
367,353,1.0
367,4216,0.08815466010522721
367,5442,1.0
367,448,1.0
367,4215,1.0
367,2319,1.0
398,382,1.0
398,3219,0.16984102236669374
398,4503,1.0
398,5492,1.0
398,2611,1.0
398,1205,0.09521829945525928
398,5805,1.0
398,3218,1.0
398,4504,0.08992035637475426
398,5493,1.0
398,2612,1.0
398,1206,0.18260852533318683
398,383,1.0
398,2234,0.024844860463855145
398,900,0.17804647802431428
398,1523,0.15772342550826735
398,5549,0.2452201659964266
398,5429,0.14521069650189733
398,2142,1.0
398,868,0.22241701806645942
398,532,1.0
398,13,1.0
398,6178,0.1901299406821948
398,5311,1.0
398,4502,0.012903065565475269
398,5491,1.0
398,2610,1.0
398,1204,0.07630487926893392
398,11,0.18546178772820077
398,3217,1.0
398,2235,1.0
398,901,1.0
398,1524,0.05338967571369657
398,2143,1.0
398,5804,0.21123010644537343
398,2268,1.0
398,2233,1.0
398,899,0.15085126624310718
398,1522,0.21814725264911683
398,5548,1.0
398,5428,1.0
398,2141,1.0
398,867,1.0
398,531,0.21182626927169868
398,12,0.1993541050435096
398,5310,0.0873269043024043
398,6177,0.020892214921390817
398,10,1.0
398,1203,1.0
398,4501,1.0
398,5490,0.13063415840668802
398,2609,0.22793211881220343
421,404,1.0
421,4269,0.14971716810951463
421,2217,1.0
421,2443,1.0
421,6627,1.0
421,4268,1.0
421,2216,1.0
421,2442,1.0
421,6626,1.0
421,34,0.028512052951517264
421,4011,1.0
421,2025,0.1183332806153845
421,405,1.0
421,4270,1.0
421,2218,0.21677199184978768
421,2444,1.0
421,6628,1.0
421,4267,1.0
421,2215,1.0
421,2441,1.0
421,6625,1.0
421,33,1.0
421,4010,0.19538170874427463
421,5960,1.0
421,2024,1.0
468,450,1.0
468,4716,0.14062528211801684
468,2847,1.0
468,451,1.0
468,4715,1.0
468,2096,1.0
468,2846,1.0
468,2095,1.0
468,4714,0.16239407811833506
484,465,0.10263535633971166
484,4929,1.0
484,466,0.07749118446870928
484,4930,1.0
484,4928,0.06983850432177774
484,1896,1.0
484,4927,1.0
522,502,0.17684195643407907
522,4526,1.0
522,503,1.0
522,4527,1.0
522,4525,0.24714973061226309
522,3345,1.0
522,3301,1.0
522,3346,1.0
522,3302,1.0
522,4164,1.0
522,4524,1.0
522,3344,0.21872383322818267
522,3300,1.0
522,211,1.0
535,514,1.0
535,2504,1.0
535,2461,1.0
535,1782,0.051609534940695534
535,1422,1.0
535,5460,1.0
535,1322,0.06973093593492408
535,584,1.0
535,1421,0.1114310309080373
535,5459,1.0
535,1189,1.0
535,1217,1.0
535,1781,1.0
535,515,0.08023371685981484
535,1423,1.0
535,2505,1.0
535,2462,1.0
535,664,1.0
535,2503,1.0
535,2460,1.0
535,6168,0.12237605432614862
535,6167,1.0
535,1321,1.0
535,583,0.20042066248753654
535,1323,1.0
535,663,0.24166250785665588
535,5458,1.0
535,5121,1.0
535,1780,0.07043873036805215
535,1188,1.0
535,1216,1.0
535,2502,1.0
535,2459,1.0
561,539,0.20221273917460292
561,4077,1.0
561,5376,1.0
561,540,1.0
561,4078,1.0
561,4076,1.0
561,5375,0.21950805282444197
561,26,1.0
561,1475,0.06466357484584084
561,4075,1.0
561,5374,1.0
586,563,0.002177836318052351
586,564,0.181569155003662
586,4921,0.2260935674007697
586,1469,0.14930901878872715
586,1271,1.0
586,4920,1.0
586,1553,0.06237103208683914
621,597,0.06174409340174236
621,3447,0.0829118328593883
621,598,0.06288947641149911
621,3446,1.0
621,1620,1.0
621,356,1.0
621,1619,1.0
621,2489,1.0
621,2491,0.011338865055428027
621,3445,1.0
635,610,1.0
635,3930,0.12087207337451678
635,6306,1.0
635,3931,0.004713649031646394
635,6307,1.0
635,611,1.0
635,4229,0.16847072634001314
635,3014,1.0
635,3929,0.16002491742526792
635,6305,1.0
635,4228,1.0
635,3013,1.0
635,3928,1.0
635,6304,0.22467841318033
653,627,1.0
653,3564,1.0
653,3213,0.18308390945562192
653,3025,0.14442652799103173
653,3563,0.21620845070840167
653,628,1.0
653,5552,1.0
653,5586,1.0
653,3214,0.06978412330085904
653,3026,0.10755850570440695
653,3212,0.04338046397106132
653,3024,0.09687492201727899
653,5585,1.0
653,3562,1.0
653,5551,1.0
677,650,1.0
677,651,1.0
677,2300,0.18750131870947195
697,669,0.04359852956120169
697,606,0.10025942317610692
697,6002,0.16791686491612678
697,2404,0.012461034209498734
697,670,1.0
697,605,0.16145081117875115
697,5726,1.0
697,607,1.0
697,1629,1.0
697,1980,0.11922921664881747
697,2595,1.0
697,6001,0.16326574972240204
697,2403,0.15238793045141819
697,2405,0.17905797705599735
697,5725,1.0
697,604,1.0
697,1628,1.0
717,688,1.0
717,689,1.0
717,2032,1.0
743,713,1.0
743,5996,0.18677848914520645
743,3584,1.0
743,4995,1.0
743,1625,0.24011428923311517
743,602,0.01899525203161989
743,5997,1.0
743,3585,1.0
743,4996,1.0
743,714,1.0
743,1624,1.0
743,3437,0.12595086855655668
743,6213,0.22927106132486352
743,3146,1.0
743,5041,1.0
743,1626,1.0
743,5995,1.0
743,6116,0.07728237184069675
743,3583,0.04768731625322076
743,4994,1.0
743,601,0.1234069694081319
743,603,0.16982414614539787
743,1623,0.016886035957144996
743,2226,0.17340119338999438
743,892,0.06268324353946175
743,834,0.12774477965397335
743,3436,0.045490106162984545
743,3308,1.0
743,6212,1.0
743,3145,0.08623985746445217
743,5040,1.0
743,5994,1.0
743,6115,1.0
743,3582,1.0
743,4993,1.0
773,742,0.1925282464889997
773,740,1.0
773,4181,0.206372469986277
773,3367,1.0
773,5137,1.0
773,3366,1.0
773,5136,0.09197114549814034
773,739,0.04664700050458437
773,4180,1.0
773,3917,1.0
773,1672,1.0
773,271,1.0
773,1643,1.0
773,3530,1.0
773,4182,1.0
773,743,1.0
773,3368,0.09086089306706346
773,5138,1.0
773,253,1.0
773,2809,0.09202598784240479
773,3916,1.0
773,1671,0.07796207072041195
773,270,1.0
773,1642,0.24728875525970073
773,3529,1.0
773,3365,1.0
773,5135,1.0
773,738,0.007891833738652876
773,4179,1.0
773,252,1.0
773,1644,1.0
773,3531,1.0
773,6726,1.0
792,760,1.0
792,2692,0.14166929255684768
792,3327,1.0
792,5485,0.013818391025826826
792,5604,1.0
792,2693,1.0
792,761,0.12182996688584602
792,298,1.0
792,2691,0.13115996547241304
792,2646,0.13002688723706834
792,3184,1.0
792,3326,1.0
792,1352,1.0
792,5484,1.0
792,5603,1.0
792,297,1.0
792,2690,0.2468590608474993
792,2717,0.13917053172743243
792,2180,1.0
792,2645,0.0992619398549125
792,3183,0.09565098548243145
828,795,1.0
828,6630,0.011253415004077949
828,6629,1.0
828,796,0.17638824714353696
828,6628,0.18641509402037026
828,4878,1.0
851,817,0.052903139389307796
851,4124,0.10221429345923727
851,3936,1.0
851,818,0.20002032091288824
851,4749,0.04906508455269487
851,4748,0.15621409201674052
851,2766,1.0
851,4918,0.07457835439116656
851,4123,1.0
851,3935,0.01705818771687606
851,4750,1.0
866,831,1.0
866,2223,1.0
866,889,1.0
866,3434,1.0
866,2222,1.0
866,888,1.0
866,4221,1.0
866,2224,0.20859046431093176
866,890,1.0
866,832,1.0
866,3433,1.0
866,4220,1.0
866,2221,1.0
866,887,1.0
895,5893,1.0
895,859,0.03157378978292469
895,4690,0.19511330054942277
895,3286,0.08435875033244078
895,2604,1.0
895,1333,0.10370083366415805
895,595,1.0
895,4736,0.002069744562204101
895,3149,1.0
895,5894,1.0
895,860,1.0
895,4689,0.016346511924893337
895,3285,1.0
895,2603,0.07137829796336292
895,1332,0.005602697604285001
895,594,1.0
895,4735,1.0
895,3148,0.19095841988473117
895,4691,1.0
895,5267,1.0
895,5418,1.0
914,877,0.08074780861964082
914,2900,1.0
914,6380,0.2032568438550476
914,1224,1.0
914,878,1.0
914,1446,0.013556032177930888
914,5865,1.0
914,5222,1.0
914,2786,0.21805941904148862
914,1223,1.0
914,4245,1.0
914,2899,1.0
914,6379,1.0
914,1447,1.0
914,5223,1.0
914,4244,0.1707088366319358
914,1445,1.0
914,5864,1.0
914,5221,0.019931094283393125
914,1222,1.0
914,2898,1.0
914,6378,1.0
925,2221,1.0
925,887,0.09277465373317495
925,2222,0.054825340515785914
925,888,1.0
925,4221,0.09275731004182508
925,3432,1.0
925,4220,1.0
925,6298,1.0
925,226,1.0
925,3431,0.09350950609694042
974,935,1.0
974,810,1.0
974,6403,0.2070353204537143
974,6402,0.04844312770212644
974,811,1.0
974,1906,1.0
974,936,1.0
974,809,0.17263061472071206
974,6675,0.1421179804519085
974,6404,0.17656010693516921
974,6708,1.0
974,6135,1.0
974,6401,0.0403774096378785
974,1905,1.0
974,6676,0.09436817201083747
974,6709,1.0
974,6136,1.0
974,6228,1.0
974,808,0.12489224173145053
974,6707,1.0
974,6134,1.0
988,948,0.14693188329557116
988,746,1.0
988,5141,1.0
988,2499,0.23748238565168012
988,2456,1.0
988,745,1.0
988,1212,1.0
988,5140,1.0
988,3534,0.05639743350600157
988,6454,1.0
988,1676,1.0
988,275,1.0
988,2500,0.03825105056396816
988,2457,1.0
988,1647,0.025240751933820693
988,2498,1.0
988,2455,1.0
988,949,1.0
988,747,0.21646203276023068
988,5142,0.04312743290221799
988,6453,1.0
988,3920,0.0017771929340256731
988,1675,1.0
988,274,1.0
988,1646,0.010874753056571929
988,3533,1.0
988,744,1.0
988,1211,1.0
988,5139,1.0
988,857,1.0
988,2497,1.0
988,2454,0.041448206564056456
988,1648,1.0
988,5572,1.0
1019,978,1.0
1019,2796,1.0
1019,6590,1.0
1019,5455,1.0
1019,643,1.0
1019,5454,1.0
1019,2795,1.0
1019,6589,0.011835920289874124
1019,2632,1.0
1019,5117,1.0
1019,2797,0.14747260620566816
1019,6591,1.0
1019,979,1.0
1019,1302,1.0
1019,314,1.0
1019,5456,0.20148898137590998
1019,4176,1.0
1019,5453,0.06792488847210687
1019,5116,0.12073673461629808
1019,2631,1.0
1019,642,1.0
1019,644,1.0
1019,1301,0.22627317350287934
1019,313,0.15591978280635876
1019,2794,1.0
1019,6588,1.0
1019,4175,0.1990450088001673
1033,991,1.0
1033,1896,0.04621702554113116
1033,992,1.0
1033,1897,0.19012661475841264
1033,1135,1.0
1033,4928,1.0
1033,1136,0.01717719984643451
1033,2702,0.11192391114267197
1033,4927,0.2385337647001865
1033,1134,0.15377358157540622
1070,1027,1.0
1070,5726,1.0
1070,1976,1.0
1070,607,1.0
1070,4342,0.1277389768306747
1070,1977,1.0
1070,1356,1.0
1070,5725,1.0
1070,1975,0.10493807943281597
1070,3618,1.0
1070,606,1.0
1070,5702,1.0
1070,4369,0.23543640674885835
1070,4859,0.05759192726369644
1070,608,1.0
1070,1028,0.09317172893635939
1070,4858,1.0
1070,4341,0.13277611904723774
1070,5724,0.1258276829646604
1070,1974,1.0
1070,3617,1.0
1070,1355,0.005786385051005261
1070,3717,1.0
1070,1357,1.0
1070,5701,0.021779219135644512
1070,4368,0.015434066378671396
1070,605,0.06794532058399427
1084,1040,0.1953292119324307
1084,5719,1.0
1084,2336,0.2095736525328501
1084,1969,0.10104901294747015
1084,1041,1.0
1084,4362,1.0
1084,2776,1.0
1084,5907,0.18927450743801422
1084,5720,1.0
1084,2337,1.0
1084,1970,1.0
1084,5718,0.10489785329266443
1084,2335,0.24463593714302612
1084,1968,1.0
1084,3611,0.1897691061087894
1084,2590,1.0
1084,1281,0.06205887230707596
1084,4361,0.10974978645767597
1084,2775,1.0
1084,5906,1.0
1084,4359,1.0
1084,5717,1.0
1084,2334,1.0
1084,1967,1.0
1084,2589,1.0
1084,5810,1.0
1084,3610,1.0
1109,1064,1.0
1109,2157,1.0
1109,396,0.128488688320471
1109,4955,1.0
1109,5348,1.0
1109,4046,0.11928745512761874
1109,1065,1.0
1109,5029,0.02219775546318692
1109,1419,1.0
1109,2156,1.0
1109,395,0.05085956724511509
1109,5570,0.20696496557288346
1109,4954,0.24483769500492136
1109,5347,1.0
1109,4045,1.0
1109,5588,1.0
1121,1075,1.0
1121,3031,1.0
1121,2960,1.0
1121,101,0.04588728060812608
1121,100,0.12269613313112548
1121,6670,1.0
1121,633,1.0
1121,4620,0.1167098180901831
1121,2279,1.0
1121,2959,1.0
1121,3030,1.0
1121,5444,0.01584847097640174
1121,102,1.0
1121,3032,0.03210498711158294
1121,2961,1.0
1121,1076,1.0
1121,2586,1.0
1121,99,0.16319939516861492
1121,6669,1.0
1121,632,1.0
1121,2986,1.0
1121,4619,1.0
1121,2278,1.0
1121,2585,0.12778626189067077
1121,3029,0.05360039313526088
1121,1908,0.20364144136757623
1150,1103,1.0
1150,2603,1.0
1150,594,1.0
1150,4195,1.0
1150,3047,0.19141243563914068
1150,3655,0.15159614958081558
1150,524,1.0
1150,1432,0.06101468682212585
1150,2514,1.0
1150,2471,1.0
1150,1104,0.24022760476484684
1150,2604,1.0
1150,595,1.0
1150,2602,0.12299203844881812
1150,593,1.0
1150,4194,1.0
1150,3046,1.0
1150,3728,1.0
1150,4689,0.12921625824840766
1150,5893,1.0
1150,859,1.0
1150,3048,0.19086317264102703
1150,3654,1.0
1150,523,1.0
1150,1431,1.0
1150,2513,0.2216062224728219
1150,2470,0.04105635063345425
1150,2601,0.09180192422863565
1150,592,1.0
1170,1122,0.03183938434133893
1170,1123,1.0
1170,3490,1.0
1170,933,0.2214811315455134
1170,4116,1.0
1201,1152,1.0
1201,1712,1.0
1201,5154,1.0
1201,416,0.24792023748933745
1201,1711,1.0
1201,5153,1.0
1201,415,1.0
1201,1749,1.0
1201,1916,1.0
1201,6606,1.0
1201,4574,0.19573278334192423
1201,46,1.0
1201,4023,1.0
1201,1153,0.08087361622239286
1201,5155,1.0
1201,417,1.0
1201,5152,1.0
1201,414,0.0027738206308579594
1201,1710,1.0
1201,1748,0.02616849025515111
1201,1915,0.13850962202796702
1201,6605,1.0
1201,4573,1.0
1201,45,1.0
1201,4022,1.0
1213,3022,0.08673973514884536
1213,1163,1.0
1213,1863,1.0
1213,757,0.11770246761830727
1213,428,1.0
1213,1686,0.06692030096250678
1213,325,1.0
1213,958,1.0
1213,1164,1.0
1213,1864,1.0
1213,758,0.15683666714184108
1213,1687,0.23231944685895745
1213,3021,1.0
1213,1862,0.004833546491183283
1213,756,0.15260143919867009
1213,427,0.12709447445068878
1213,1685,0.03811467041492378
1213,4256,1.0
1213,2355,0.014895075795601453
1213,989,1.0
1213,324,1.0
1213,1570,0.18045661453142814
1213,957,1.0
1213,3020,0.07828123371025109
1213,4255,1.0
1213,2354,1.0
1213,755,0.051541652883950295
1213,426,1.0
1213,1684,0.054059616248578024
1213,1861,1.0
1213,1714,1.0
1213,4866,0.08723674145033844
1213,6498,1.0
1234,1183,1.0
1234,3533,1.0
1234,6725,1.0
1234,3532,1.0
1234,255,1.0
1234,1212,0.07239641413777709
1234,3370,1.0
1234,6094,0.1789818162230994
1234,1184,1.0
1234,3534,1.0
1234,2498,1.0
1234,5217,1.0
1234,3531,1.0
1234,254,1.0
1234,1211,1.0
1234,3369,1.0
1234,6093,1.0
1234,2495,1.0
1234,2497,1.0
1261,1209,0.12766540381728497
1261,740,1.0
1261,3367,0.1616607445453916
1261,1482,0.2188081380121627
1261,3366,1.0
1261,1481,1.0
1261,3193,1.0
1261,739,1.0
1261,3917,1.0
1261,3530,1.0
1261,1210,0.003610160569805121
1261,3368,0.16719882363942906
1261,1483,1.0
1261,253,1.0
1261,2809,1.0
1261,3916,0.05286248964334883
1261,3192,1.0
1261,3529,1.0
1261,3365,1.0
1261,1480,0.02112076256201001
1261,738,1.0
1261,252,1.0
1261,3945,1.0
1261,4642,0.006386442592789088
1261,3531,1.0
1261,6726,1.0
1279,1226,1.0
1279,6726,0.07213931594350609
1279,6725,1.0
1279,3532,1.0
1279,3534,0.021678958985943186
1279,1227,1.0
1279,6727,0.1315730301712924
1279,3533,1.0
1279,3531,1.0
1300,1246,0.1862899884547694
1300,1569,0.03906422404295984
1300,4752,0.19691280485192497
1300,1568,1.0
1300,1570,1.0
1300,3020,1.0
1300,4754,1.0
1300,1637,0.1423914099226039
1300,1988,1.0
1300,1247,1.0
1300,4751,1.0
1300,3019,0.1652742553866231
1300,1364,1.0
1300,4753,1.0
1300,1636,1.0
1300,1987,1.0
1300,1567,1.0
1300,758,0.011424177373306699
1300,2641,1.0
1328,1273,1.0
1328,6398,0.08828027121587423
1328,471,0.06747898546231634
1328,815,1.0
1328,6397,0.11428504870689449
1328,470,0.003979210166440206
1328,5732,1.0
1328,3701,1.0
1328,996,1.0
1328,1274,1.0
1328,6399,1.0
1328,472,1.0
1328,814,1.0
1328,995,0.1498923498830559
1328,469,0.03139769340911114
1328,6265,1.0
1328,4382,1.0
1328,5731,0.07571754159796806
1328,3702,0.22185378608101192
1328,997,1.0
1328,813,0.015382016862957038
1344,1288,1.0
1344,1823,1.0
1344,5029,0.08958636977957568
1344,1419,1.0
1344,2157,1.0
1344,396,1.0
1344,3898,1.0
1344,1822,0.1999167110198543
1344,1824,0.03751487084465155
1344,1289,1.0
1344,5028,1.0
1344,1418,1.0
1344,2731,1.0
1344,3899,1.0
1344,2161,0.15631938845176474
1344,2156,0.19889964763077606
1344,395,0.056453705081261685
1344,3897,0.04057281977801619
1344,1821,1.0
1344,2730,1.0
1344,6399,1.0
1344,5027,0.12504872605219475
1344,1417,1.0
1362,1305,1.0
1362,3910,0.13975251241026798
1362,3909,1.0
1362,1306,0.23268911564633488
1362,6084,1.0
1362,2010,1.0
1362,6650,0.06248347508161278
1362,3911,1.0
1362,1466,1.0
1362,3908,1.0
1362,6083,1.0
1362,2009,1.0
1362,6649,1.0
1362,3523,1.0
1378,1320,1.0
1378,6107,1.0
1378,2368,0.05664124079774102
1378,582,0.06565508139237108
1378,6474,0.214906297021072
1378,2502,1.0
1378,2459,1.0
1378,6108,0.12283897957186274
1378,2369,0.14840247201607937
1378,6167,0.24951843313986344
1378,1321,1.0
1378,583,0.12580567101878293
1378,6473,0.04539576466816453
1378,581,1.0
1378,5575,1.0
1378,172,1.0
1378,6106,1.0
1378,2367,0.126349620493044
1378,580,1.0
1378,2501,1.0
1378,2458,1.0
1378,6472,1.0
1378,5576,1.0
1378,173,1.0
1378,6166,1.0
1378,5574,1.0
1378,171,0.053511441323958575
1378,6105,1.0
1378,2366,1.0
1378,5465,1.0
1378,4677,1.0
1413,1354,1.0
1413,1355,1.0
1413,605,1.0
1413,2595,1.0
1413,6652,1.0
1413,604,1.0
1426,1366,0.0032054116193602766
1426,1214,1.0
1426,3952,0.07458071478169581
1426,4649,0.024589146963042485
1426,1213,1.0
1426,3951,1.0
1426,4648,0.20215920265031717
1426,2501,1.0
1426,2458,0.09560097169882709
1426,6728,1.0
1426,1367,0.09130022744304456
1426,1215,1.0
1426,1212,0.11329336158864434
1426,1485,1.0
1426,3950,1.0
1426,4647,1.0
1426,2500,1.0
1426,2457,1.0
1426,6727,1.0
1449,3986,1.0
1449,1388,1.0
1449,1543,1.0
1449,6433,1.0
1449,4821,1.0
1449,5512,1.0
1449,4301,0.151480622181843
1449,3987,1.0
1449,1542,1.0
1449,6432,0.24547170536949048
1449,4820,1.0
1449,1544,1.0
1449,6434,1.0
1449,4822,1.0
1449,1389,1.0
1449,3334,1.0
1449,5611,0.2095984863739766
1449,2857,1.0
1449,5187,1.0
1449,2045,0.12384934824907079
1449,3985,0.1846413414428224
1449,5511,0.0002930335844844034
1449,4300,0.17736666151277136
1449,1541,1.0
1449,6431,0.19766848152225358
1449,4819,0.1321430012815068
1449,3333,0.11823345557380494
1449,5610,1.0
1449,2856,1.0
1449,5186,1.0
1449,2044,0.194569145183073
1449,4930,1.0
1449,3984,0.17847842205998865
1460,1398,1.0
1460,5070,1.0
1460,3698,1.0
1460,6324,0.07680140194129514
1460,6478,0.2219892801223866
1460,5069,1.0
1460,3697,0.07625667374917089
1460,6323,1.0
1460,5814,1.0
1460,6325,0.23600911833589677
1460,1399,1.0
1460,5071,1.0
1460,3699,1.0
1460,3696,1.0
1460,5068,0.07885457485646263
1460,6477,1.0
1460,5813,1.0
1460,1721,0.10453258505695162
1460,5815,1.0
1460,2520,1.0
1460,1719,1.0
1460,5006,1.0
1460,5851,1.0
1460,6503,1.0
1460,6322,1.0
1460,6124,1.0
1460,2074,1.0
1484,1421,0.23010560114433987
1484,5459,1.0
1484,1369,1.0
1484,1189,1.0
1484,1217,0.1580835621260931
1484,3955,0.19557330277787555
1484,4652,1.0
1484,1781,0.013975705171674235
1484,5458,1.0
1484,5121,0.05788028880785023
1484,1218,1.0
1484,1780,1.0
1484,318,0.2019425418005769
1484,1368,1.0
1484,1188,0.04293012057533263
1484,1216,0.18454172910050648
1484,3954,0.08174710639462657
1484,4651,1.0
1484,514,1.0
1484,2504,1.0
1484,2461,0.24233323585428923
1484,1782,1.0
1484,1422,0.18269993352323977
1484,5460,0.19536831516131925
1484,5457,0.22725413327920518
1484,5120,1.0
1484,317,1.0
1484,1779,1.0
1484,1367,0.012377632312288278
1484,1187,0.09899010473270875
1484,1215,0.15533797143430572
1484,3953,0.01166261045916639
1484,4650,1.0
1484,2503,1.0
1484,2460,1.0
1484,3210,1.0
1484,5578,1.0
1484,1322,1.0
1500,1436,1.0
1500,4875,1.0
1500,5010,1.0
1500,5855,0.1160681503612393
1500,4228,1.0
1500,6370,1.0
1500,4874,1.0
1500,5009,0.09698293983375916
1500,5854,1.0
1500,4229,0.010633622716710311
1500,4265,1.0
1500,3929,1.0
1500,1437,0.012190508070070716
1500,5011,1.0
1500,5856,0.01904925265452284
1500,4876,1.0
1500,4227,0.11690907490605251
1500,4873,0.21839276755688342
1500,5008,1.0
1500,5853,1.0
1500,6369,0.2416236511506138
1500,4264,0.20816448210521965
1500,3928,1.0
1500,4226,0.22979426365514888
1500,3009,1.0
1533,1468,0.0796550844347923
1533,1469,1.0
1533,6447,1.0
1533,3579,0.18969347711456663
1533,257,0.013340249450963348
1533,6446,1.0
1533,3578,1.0
1580,1514,0.246565641386427
1580,5540,0.10904241578391294
1580,3399,1.0
1580,4333,1.0
1580,1623,1.0
1580,1515,0.17943230886191675
1580,5541,1.0
1580,3400,1.0
1580,3436,1.0
1580,5081,1.0
1580,4494,1.0
1580,5539,1.0
1580,3398,1.0
1580,1622,1.0
1580,4332,1.0
1580,600,0.03238951316957428
1580,5871,0.17962989113564476
1580,4493,1.0
1580,5538,0.2425170568694548
1580,3397,1.0
1580,5080,0.08792149058110588
1580,3435,1.0
1622,1555,0.11246233474598943
1622,4224,1.0
1622,512,0.1978723491323049
1622,1556,1.0
1622,4223,1.0
1622,6113,0.17379490662014752
1622,5992,1.0
1622,4225,1.0
1622,511,1.0
1622,3581,0.17550514496760272
1622,5993,1.0
1622,6114,1.0
1622,4222,1.0
1622,5991,0.08686424124776537
1640,1572,0.06424843193614649
1640,5019,1.0
1640,5864,1.0
1640,1409,1.0
1640,2339,0.23336493930299373
1640,5018,1.0
1640,5863,1.0
1640,1408,1.0
1640,1330,1.0
1640,2338,1.0
1640,5020,0.13440110794410565
1640,5865,0.04015222293167353
1640,1410,0.18605279629269145
1640,5559,0.0790502363768899
1640,1573,1.0
1640,5827,1.0
1640,185,1.0
1640,1329,0.1582800692084817
1640,5017,1.0
1640,5862,0.012164413680224473
1640,1407,0.14852733657711337
1640,182,1.0
1640,1331,0.216576549080718
1640,5826,1.0
1640,184,1.0
1640,2337,0.039632390185529
1640,5558,1.0
1640,1224,0.017626137484786364
1659,2837,1.0
1659,1590,1.0
1659,6219,0.2342230470634954
1659,4739,1.0
1659,4030,1.0
1659,5897,1.0
1659,6663,1.0
1659,95,1.0
1659,2836,1.0
1659,4241,1.0
1659,2773,1.0
1659,2838,0.18441379292766524
1659,1591,1.0
1659,6662,0.003937715239813011
1659,6218,1.0
1659,4738,1.0
1659,4029,1.0
1659,5896,1.0
1659,4240,1.0
1659,2772,1.0
1659,6220,0.03440026814257613
1659,4031,1.0
1659,6664,1.0
1659,3590,1.0
1659,6176,1.0
1659,94,0.12262008639820388
1659,2835,0.026650926124838437
1686,1616,0.14779039048946585
1686,353,1.0
1686,5442,1.0
1686,352,1.0
1686,354,0.22397302293371357
1686,1617,0.13054458423471038
1686,5441,1.0
1710,1639,1.0
1710,3003,1.0
1710,3526,1.0
1710,2068,1.0
1710,3525,0.13579387753692318
1710,2067,1.0
1710,3002,1.0
1710,3363,0.1432834342731394
1710,5133,1.0
1710,1311,0.23744885172122443
1710,3807,1.0
1710,2881,0.2148044749453395
1710,5211,1.0
1710,1640,1.0
1710,3004,1.0
1710,3527,0.06896135564541162
1710,2069,1.0
1710,3524,1.0
1710,2066,1.0
1710,5132,1.0
1710,3001,0.09051816716123484
1710,3362,1.0
1710,1310,1.0
1710,3806,0.2472901242979615
1710,2880,0.18304239879670703
1710,5210,1.0
1710,4563,1.0
1710,6741,0.23137536094031896
1710,35,0.22907532430410338
1730,1658,0.14582152777022372
1730,257,0.06120240294239154
1730,1659,1.0
1730,258,0.07298736532271322
1765,1692,1.0
1765,368,1.0
1765,2595,1.0
1765,671,1.0
1765,369,1.0
1765,1693,0.12943603660062064
1765,6001,1.0
1765,2403,1.0
1765,6652,0.14705927011001285
1765,843,1.0
1765,367,1.0
1765,670,0.20194015343207417
1765,2594,1.0
1765,6653,0.0977308979642082
1765,6000,1.0
1765,2402,1.0
1765,5695,0.11435895466301449
1765,842,1.0
1765,366,1.0
1788,1714,0.005146968710630251
1788,4866,1.0
1788,5001,0.17981079881316786
1788,5846,1.0
1788,3129,1.0
1788,6498,1.0
1788,1715,1.0
1788,5002,1.0
1788,5847,1.0
1788,3130,1.0
1788,6499,0.14260558684718305
1788,4865,0.048335281471634906
1788,5000,1.0
1788,5845,1.0
1788,3128,0.012404692199666112
1788,6497,1.0
1788,3166,0.09189242523858743
1788,3838,1.0
1788,3066,0.0363195864538558
1788,4978,1.0
1788,2355,1.0
1788,3167,1.0
1788,3839,1.0
1788,3065,0.057582035387010566
1788,4977,0.07216298784468878
1788,2354,1.0
1788,4999,0.16745030307235775
1788,5844,0.031598807896707326
1788,3127,1.0
1788,6496,1.0
1788,3165,1.0
1788,3837,1.0
1788,5645,1.0
1788,3416,0.22752036267995435
1798,1723,1.0
1798,86,1.0
1798,87,0.0808509145021361
1798,1120,1.0
1798,6150,0.15526932792920123
1798,1724,1.0
1798,4066,0.03950443837929729
1798,874,1.0
1798,1347,1.0
1798,5048,0.246742428208647
1798,85,1.0
1798,2651,1.0
1798,3373,1.0
1798,5049,1.0
1798,1119,0.031309579531367926
1798,6149,1.0
1798,5047,0.01678312585617836
1798,4065,0.24037834111217982
1798,873,0.12853408762622187
1798,1346,1.0
1798,537,1.0
1798,18,1.0
1798,84,0.05307828846694651
1809,1733,0.03600971045918544
1809,1734,1.0
1809,465,0.05841087604995354
1825,1710,0.056204541082727655
1825,1748,1.0
1825,1915,0.11382873685595452
1825,6605,0.17999164942268475
1825,4573,1.0
1825,45,1.0
1825,4022,0.06795969255055623
1825,1914,1.0
1825,6604,0.006338243544334321
1825,4572,1.0
1825,44,1.0
1825,4021,1.0
1825,1709,1.0
1825,1711,0.13376271672543294
1825,5153,0.11174481774680001
1825,415,1.0
1825,1749,0.21327965347655853
1825,1916,1.0
1825,6606,0.14919060694841602
1825,4574,0.013860526743116885
1825,46,1.0
1825,4023,0.14697640417582825
1825,5152,1.0
1825,414,0.06884072269325747
1825,1913,1.0
1825,6603,0.21556369380915807
1825,4571,0.08578234472231705
1825,43,0.008527813002778273
1825,4020,1.0
1825,686,0.12330445342706453
1825,1708,1.0
1825,1152,1.0
1825,5154,0.05254627741406126
1839,1761,0.043666594550345494
1839,3410,0.07720702365922505
1839,3832,0.14273867330594914
1839,4582,1.0
1839,6760,1.0
1839,1762,1.0
1839,3411,1.0
1839,3409,0.1443453266431458
1839,625,1.0
1839,4581,1.0
1839,6759,1.0
1839,3408,0.12737984102261812
1848,1769,1.0
1848,4527,1.0
1848,1770,1.0
1848,1434,1.0
1848,4240,1.0
1848,4526,1.0
1848,1433,1.0
1848,4239,1.0
1848,4525,1.0
1848,236,1.0
1864,1784,0.202281229620207
1864,5292,1.0
1864,5056,1.0
1864,5293,1.0
1864,5057,1.0
1864,1785,1.0
1864,4713,0.09077167351552662
1864,143,1.0
1864,1729,0.23651944009567716
1864,5291,0.09533629472419514
1864,5055,0.08920046476821519
1864,4712,1.0
1864,142,1.0
1864,1728,1.0
1864,561,1.0
1864,5398,1.0
1864,6395,0.2400977073916204
1864,5290,1.0
1864,5054,1.0
1897,1816,1.0
1897,2149,0.22425007075123604
1897,875,1.0
1897,5889,0.24238932509628408
1897,2150,1.0
1897,5888,1.0
1897,5890,1.0
1897,1817,0.23479124593599443
1897,2148,0.2412036918170073
1897,874,0.17354470693176138
1897,5887,1.0
1897,2147,1.0
1897,873,1.0
1897,537,1.0
1897,18,1.0
1917,1835,0.0885663593128857
1917,5573,0.13026991831952484
1917,277,1.0
1917,2098,0.09895141191283008
1917,4675,1.0
1917,857,0.20878407812291955
1917,276,1.0
1917,1836,0.0848200112335381
1917,5574,0.13570496014602718
1917,5572,1.0
1917,6091,1.0
1917,6090,0.09257862542772144
1917,4674,0.11090739247687686
1917,655,1.0
1917,2099,1.0
1917,275,1.0
1917,856,1.0
1917,5142,1.0
1917,380,1.0
1943,1860,1.0
1943,4410,1.0
1943,3381,1.0
1943,1161,0.056444390317552995
1943,956,1.0
1943,4409,1.0
1943,3380,1.0
1943,3493,0.2491281757634899
1943,4251,0.2080829504856736
1943,1682,0.01876761412528738
1943,1160,0.21830608059439327
1943,955,1.0
1943,5063,1.0
1943,755,1.0
1943,426,1.0
1943,1684,1.0
1943,1861,0.13188060526863543
1943,4408,0.13430563347336866
1943,4757,1.0
1943,3492,1.0
1943,4250,1.0
1943,6459,0.19653492807307482
1943,1681,1.0
1943,5062,1.0
1943,754,1.0
1943,1656,1.0
1943,425,1.0
1943,3494,1.0
1943,4252,1.0
1943,1683,0.12690668998673793
1943,1159,1.0
1943,954,1.0
1943,752,1.0
1943,4976,1.0
1953,1869,0.19290347598693547
1953,3386,1.0
1953,961,1.0
1953,328,1.0
1953,3695,0.03567519556755505
1953,3385,0.1985111019913568
1953,960,1.0
1953,327,1.0
1953,3696,1.0
1953,1166,0.0407658944466569
1953,1866,0.11410001886172583
1953,1689,1.0
1953,3694,1.0
1953,5031,0.05399107095169764
1953,1870,0.15185960446108915
1953,3387,1.0
1953,962,1.0
1953,329,0.038247727140325205
1953,3384,0.1699994452845789
1953,959,1.0
1953,326,0.0025941681287352525
1953,1165,1.0
1953,1865,0.07780521471027724
1953,1688,0.19634746775385437
1953,1167,1.0
1953,4981,1.0
1953,793,0.24473174163115596
1953,3693,1.0
1981,991,1.0
1981,1896,1.0
1981,466,1.0
1981,992,1.0
1981,1897,1.0
1981,4928,1.0
1981,2702,1.0
1981,465,0.1646176735662559
1981,4927,1.0
1996,1910,1.0
1996,2493,1.0
1996,6034,1.0
1996,6600,1.0
1996,124,1.0
1996,1097,1.0
1996,2031,0.11070850377856578
1996,4568,1.0
1996,6746,1.0
1996,40,1.0
1996,4017,1.0
1996,5148,1.0
1996,2449,0.10162477331156294
1996,1911,0.20438076377119163
1996,2494,1.0
1996,6601,1.0
1996,125,1.0
1996,1098,1.0
1996,2032,1.0
1996,4569,0.21670762370147245
1996,6747,1.0
1996,4018,1.0
1996,6599,1.0
1996,123,1.0
1996,1096,1.0
1996,2030,1.0
1996,4567,1.0
1996,6745,0.20947064391678394
1996,39,1.0
1996,4016,1.0
1996,6033,1.0
1996,1316,1.0
1996,2886,0.18397814998770368
1996,5216,1.0
1996,5149,1.0
1996,2450,0.091791542792385
1996,5147,0.21852369434520746
1996,2448,1.0
1996,6598,1.0
1996,122,0.19459899089833632
1996,1095,0.16141521331159048
1996,2029,1.0
1996,4566,1.0
1996,6744,1.0
1996,38,0.10715679913735354
1996,4015,1.0
1996,1315,1.0
1996,2885,0.21240982807615127
1996,5215,0.15715279151082417
1996,6032,0.036817046241334084
2035,1948,1.0
2035,296,1.0
2035,2647,1.0
2035,3185,1.0
2035,297,1.0
2035,1949,0.2100519468032207
2035,6253,0.1931643273493736
2035,3377,0.04440893521174338
2035,295,1.0
2035,2645,0.05455829377848498
2035,3183,0.23751209196179857
2035,451,1.0
2035,2747,1.0
2035,2646,1.0
2035,3184,1.0
2035,6252,1.0
2035,3376,0.15726004800459148
2035,294,1.0
2035,450,1.0
2035,3182,0.07192522960420278
2035,2644,1.0
2068,1629,0.06790216292371065
2068,2756,1.0
2068,1980,1.0
2068,1630,0.21199381597323197
2068,1981,1.0
2068,1440,1.0
2068,6120,1.0
2068,1561,0.1012804422451159
2068,669,1.0
2068,606,1.0
2068,1628,1.0
2068,2755,1.0
2068,1439,0.15014308844298785
2068,5726,0.08694441484610393
2068,607,0.1803037576567703
2068,6119,1.0
2068,1560,1.0
2068,2404,0.19688360793729054
2068,1355,1.0
2068,90,1.0
2068,605,1.0
2068,1627,0.06181818470029554
2068,2754,1.0
2079,1990,1.0
2079,5809,1.0
2079,725,0.025521893967872966
2079,98,1.0
2079,6225,1.0
2079,4471,0.15186341268760872
2079,2842,1.0
2079,99,0.011387393218709407
2079,1991,1.0
2079,5808,0.029556663446962728
2079,724,1.0
2079,2840,1.0
2079,5810,0.0013397022591459251
2079,726,1.0
2079,97,0.025923294293439647
2079,3595,0.07261461137533298
2079,6224,1.0
2079,4470,1.0
2079,2841,1.0
2079,6545,0.2264197098709151
2079,5807,0.05862523002365072
2079,723,1.0
2079,6222,1.0
2079,6666,1.0
2079,2839,1.0
2079,3594,1.0
2079,96,1.0
2103,2013,1.0
2103,2735,1.0
2103,2992,1.0
2103,5249,0.04183901855825001
2103,1829,1.0
2103,5939,1.0
2103,2736,1.0
2103,2993,1.0
2103,5250,1.0
2103,2014,1.0
2103,5233,1.0
2103,4626,1.0
2103,2285,1.0
2103,6076,1.0
2103,2002,0.09058599284809565
2103,6642,1.0
2103,1827,0.23992966814696093
2103,1292,0.003144005887869117
2103,2734,0.05158515635237493
2103,2991,1.0
2103,5248,1.0
2103,6343,1.0
2103,1828,1.0
2103,1293,1.0
2103,5938,0.11554455520611173
2103,2200,1.0
2103,5232,1.0
2103,4625,0.08452560961789735
2103,2284,1.0
2103,3902,0.1316294587820599
2103,6075,0.046988538257269896
2103,2001,1.0
2103,6641,0.08609843816856977
2103,1826,1.0
2103,1291,1.0
2103,2733,0.0911679631625294
2103,2990,0.05295756672119656
2103,5247,0.14382160300353453
2125,5243,1.0
2125,2034,1.0
2125,2035,0.11181069508752062
2125,5242,1.0
2125,5244,1.0
2125,3807,1.0
2125,3806,1.0
2125,5241,1.0
2134,5184,0.0772409693105528
2134,2042,0.08731457296281864
2134,3331,0.1946511584155587
2134,5608,1.0
2134,2854,1.0
2134,1540,1.0
2134,6430,1.0
2134,4818,1.0
2134,2184,0.18221319582817408
2134,4816,1.0
2134,3330,1.0
2134,5607,0.044506144292742134
2134,2853,1.0
2134,3332,1.0
2134,5609,1.0
2134,2855,1.0
2134,5185,1.0
2134,2043,1.0
2134,915,0.2437361210990423
2134,6191,1.0
2134,2696,0.22290826804679842
2134,2185,1.0
2134,4817,1.0
2134,1539,0.02743645982890519
2134,6429,0.15608362329989833
2134,2183,0.12914317062776293
2134,3329,0.10946016258793811
2134,5606,0.09763606234645417
2134,2852,1.0
2134,914,1.0
2134,2695,0.037977092916264166
2134,6190,1.0
2134,4815,1.0
2134,6723,1.0
2164,2071,1.0
2164,2072,1.0
2164,4230,0.05147961873487339
2164,2889,1.0
2164,2890,0.03295360861210073
2164,4229,1.0
2164,3830,0.1786534666399946
2164,2888,1.0
2177,2083,1.0
2177,2084,1.0
2193,2098,0.21368322168114784
2193,5463,0.23053069551932448
2193,3271,0.03765935457426206
2193,5462,1.0
2193,6090,1.0
2193,3270,0.11296564042645318
2193,655,1.0
2193,1835,1.0
2193,5573,1.0
2193,170,1.0
2193,2099,0.11468463981839205
2193,5464,0.17584347079867435
2193,3272,1.0
2193,3269,1.0
2193,654,1.0
2193,5325,1.0
2193,6089,1.0
2193,5572,1.0
2193,169,0.004051920691557909
2193,656,1.0
2193,3202,0.08077809548501802
2193,4415,0.053607133846550026
2233,2137,0.021452769591675303
2233,3310,1.0
2233,863,1.0
2233,2229,0.2112887245605093
2233,895,1.0
2233,1518,1.0
2233,5544,1.0
2233,5424,1.0
2233,2230,0.01407983567589266
2233,896,1.0
2233,1519,1.0
2233,5545,0.03130802695740642
2233,5425,0.012269458259918986
2233,2138,1.0
2233,3311,1.0
2233,864,0.06546878165904824
2233,3404,1.0
2233,5327,0.014551769169534268
2233,5487,0.19747577665130123
2233,862,1.0
2233,3440,1.0
2233,4498,1.0
2233,4934,1.0
2233,2228,1.0
2233,894,1.0
2233,1517,1.0
2233,5543,1.0
2233,5423,1.0
2233,5875,0.1989224498483536
2233,5796,1.0
2233,3403,0.16177051711076218
2233,861,1.0
2233,3439,1.0
2233,4497,0.028426429241897644
2233,4933,1.0
2233,2227,0.03189875140678644
2233,893,1.0
2233,1516,0.03631987331044606
2233,5542,1.0
2233,5422,1.0
2257,2160,1.0
2257,5101,1.0
2257,4954,1.0
2257,5347,1.0
2257,6262,0.03935631623242897
2257,5929,1.0
2257,4379,0.17084498823315553
2257,2161,0.05991307138934676
2257,2156,0.16114597268611375
2257,395,1.0
2257,3897,1.0
2257,4762,1.0
2257,4953,1.0
2257,5346,1.0
2257,6261,1.0
2257,5928,1.0
2257,4378,1.0
2257,6263,1.0
2257,5930,0.23826392358091275
2257,4380,1.0
2257,5102,1.0
2257,2155,1.0
2257,394,1.0
2276,2178,1.0
2276,5791,1.0
2276,2570,1.0
2276,2179,1.0
2276,2848,1.0
2276,5790,1.0
2276,2569,0.12067692809027641
2276,2567,0.24262092638102217
2276,6543,1.0
2276,4160,1.0
2276,1150,1.0
2276,2847,1.0
2276,1148,1.0
2276,5789,0.16442565184140634
2301,2202,1.0
2301,1270,1.0
2301,2055,0.24981518339021958
2301,711,1.0
2301,1271,1.0
2301,2056,1.0
2301,2203,1.0
2301,710,1.0
2301,928,1.0
2301,6204,1.0
2301,1808,1.0
2301,3794,1.0
2301,1553,1.0
2301,4853,1.0
2301,6443,1.0
2301,3575,1.0
2301,3996,0.01776512533939889
2301,1269,1.0
2301,2054,0.1185740755556195
2301,927,1.0
2301,6203,1.0
2301,1807,1.0
2301,3793,1.0
2301,709,0.12529471044046137
2301,3995,1.0
2301,1552,1.0
2301,4852,0.058540482162734664
2301,6442,1.0
2301,3574,1.0
2301,2053,0.030403875027502414
2301,1268,1.0
2321,2221,1.0
2321,887,1.0
2321,2222,1.0
2321,888,1.0
2321,4221,0.04521313946146455
2321,3432,1.0
2321,4220,1.0
2321,6298,0.04365248110036912
2321,226,0.23137072802091718
2321,3431,1.0
2367,2266,0.23328916052985926
2367,4607,1.0
2367,1385,0.09732920359673247
2367,4608,0.10405382971248578
2367,2267,0.16627530993640105
2367,1891,0.10337169355168019
2367,5799,0.040296654826164846
2367,3739,0.11369188868812885
2367,1386,1.0
2367,2232,0.03854976129536536
2367,898,1.0
2367,1521,1.0
2367,5547,1.0
2367,5427,1.0
2367,3313,1.0
2367,530,1.0
2367,1384,1.0
2367,4236,0.23437379845616046
2367,4606,1.0
2367,5800,0.15677824396427653
2367,3452,1.0
2367,6053,1.0
2367,1890,1.0
2367,5798,1.0
2367,3738,1.0
2367,1383,1.0
2367,529,0.14127517147515023
2367,2231,0.22169671795519852
2367,897,1.0
2367,1520,0.18239717556483226
2367,5546,1.0
2367,5426,0.0178710076985773
2367,3312,1.0
2367,4605,0.21639202744150576
2367,4235,0.17853687057076195
2389,4860,0.1848044022497295
2389,2287,1.0
2389,4861,1.0
2389,2288,0.229202758408809
2389,6660,1.0
2389,1632,1.0
2389,1983,1.0
2389,6005,0.0323917211000615
2389,2407,1.0
2389,4859,0.24797230710411533
2389,6659,1.0
2389,2408,0.08603336004539752
2389,1631,1.0
2389,1982,1.0
2389,4858,1.0
2389,1696,0.030368359657370947
2389,6004,0.20809194123063368
2389,2406,1.0
2405,2302,1.0
2405,5650,0.14784347132965991
2405,3506,1.0
2405,5649,1.0
2405,3505,1.0
2405,5627,1.0
2405,4593,0.20193352453283153
2405,2303,1.0
2405,5651,1.0
2405,3507,1.0
2405,5648,1.0
2405,3504,0.06808034082747405
2405,4352,0.05495838168305767
2405,1038,1.0
2405,5626,1.0
2405,4592,1.0
2425,5704,1.0
2425,2321,0.21677542428734486
2425,5888,0.1266855845364162
2425,4514,1.0
2425,2576,1.0
2425,4513,1.0
2425,2575,1.0
2425,2651,1.0
2425,5887,1.0
2425,875,0.10962572922704217
2425,5889,0.14473935369371738
2425,4515,0.12261347704358228
2425,5705,0.12664019776139246
2425,2322,1.0
2425,2650,1.0
2425,3188,1.0
2425,2574,1.0
2425,4512,1.0
2425,5886,1.0
2425,1120,1.0
2425,874,1.0
2446,2341,1.0
2446,5963,1.0
2446,1646,1.0
2446,3533,0.1281439466018397
2446,5962,1.0
2446,1645,0.07720028073394569
2446,3532,0.10902909012857398
2446,255,0.025123919082132184
2446,4184,1.0
2446,3370,1.0
2446,5140,0.013059270149482827
2446,6094,0.18875332253777055
2446,3534,1.0
2446,1318,1.0
2446,2342,0.1096610489414136
2446,5964,1.0
2446,1647,0.20062208114805435
2446,1317,0.03162337250579805
2446,5217,1.0
2446,1644,1.0
2446,3531,0.0973096315288986
2446,254,0.22454569793922607
2446,4183,0.0019781506510947455
2446,3369,1.0
2446,5139,0.12002408331931713
2446,6093,1.0
2446,1912,0.23318453916509452
2446,4570,1.0
2446,42,1.0
2463,6096,0.22154000626287096
2463,2357,0.23273640962882314
2463,1157,1.0
2463,1654,1.0
2463,6097,1.0
2463,2358,1.0
2463,1753,1.0
2463,1755,1.0
2463,1653,0.04323770563617246
2463,1752,1.0
2463,6609,0.24865902742930424
2463,1156,0.022871474889004206
2463,4093,1.0
2463,1754,1.0
2492,2385,1.0
2492,1000,0.12393372467504316
2492,1905,1.0
2492,999,0.10634405062498264
2492,1904,1.0
2492,4284,1.0
2492,2386,0.2219513535278521
2492,1906,1.0
2492,3553,1.0
2492,4283,1.0
2492,998,1.0
2492,1903,0.17229782224640144
2492,3266,1.0
2492,3552,0.006001073116766564
2510,6000,0.2298452002693736
2510,2402,1.0
2510,5999,1.0
2510,6001,1.0
2510,2403,1.0
2510,604,1.0
2510,5042,0.041964839172686785
2510,603,1.0
2510,5998,1.0
2510,3586,1.0
2510,715,1.0
2510,1692,0.014140118750131325
2525,2416,0.04320581046655847
2525,5352,0.07115924115010452
2525,6267,1.0
2525,5934,1.0
2525,4384,0.1599567827969205
2525,6268,1.0
2525,5935,0.12157853611044378
2525,4385,0.20591736929961268
2525,2197,1.0
2525,2417,1.0
2525,4767,0.02756132193230787
2525,5351,1.0
2525,6266,1.0
2525,5933,1.0
2525,4383,1.0
2525,3676,0.036759015850133636
2525,2196,1.0
2525,4768,1.0
2525,1244,0.18486979248609436
2525,772,0.15067536506783996
2525,4766,0.1426452322266667
2525,4957,1.0
2525,5350,1.0
2525,6265,0.07826793961483114
2525,5932,0.10640970332020228
2525,4382,1.0
2545,2435,1.0
2545,6619,0.22904402062005091
2545,6618,0.21971349914524307
2545,2210,1.0
2545,2436,1.0
2545,6620,0.046531661535052504
2545,6617,0.047242924680069076
2545,2209,0.017151123011653002
2588,2477,1.0
2588,4845,0.23179350240800134
2588,3567,1.0
2588,160,1.0
2588,5596,1.0
2588,1070,1.0
2588,3566,1.0
2588,4844,1.0
2588,5352,1.0
2588,4050,1.0
2588,4846,1.0
2588,3568,1.0
2588,2478,0.17816419696712193
2588,159,1.0
2588,5595,0.15588684881148474
2588,1069,1.0
2588,3094,0.22057542995106938
2588,161,1.0
2588,5597,1.0
2588,1071,1.0
2588,4843,1.0
2588,3093,1.0
2588,5351,1.0
2588,4049,0.005570510817068053
2588,158,1.0
2588,5594,0.19335570089016096
2588,1068,1.0
2597,2485,1.0
2597,3406,1.0
2597,2486,0.23815967497727364
2597,3405,1.0
2597,3404,0.0984599094734262
2597,2475,0.03475578515093847
2606,1910,1.0
2606,2493,1.0
2606,6034,1.0
2606,2031,1.0
2606,4568,1.0
2606,40,1.0
2606,5148,1.0
2606,410,1.0
2606,2449,1.0
2606,1911,1.0
2606,2494,0.23538218585015191
2606,2032,1.0
2606,4569,1.0
2606,41,0.11560490055798012
2606,2030,1.0
2606,4567,1.0
2606,39,1.0
2606,6033,1.0
2606,1316,1.0
2606,2886,1.0
2606,5216,1.0
2606,5149,0.15886287600857063
2606,411,1.0
2606,2450,0.0012747164726468752
2606,5147,0.05543702518746285
2606,409,1.0
2606,2448,1.0
2606,2029,1.0
2606,4566,1.0
2606,38,1.0
2606,1315,1.0
2606,2885,1.0
2606,5215,0.007176996128922308
2606,6032,1.0
2633,6476,1.0
2633,2519,1.0
2633,4720,0.04707039199931218
2633,1718,1.0
2633,4870,1.0
2633,5005,1.0
2633,5850,1.0
2633,3133,1.0
2633,6502,0.11992438720502996
2633,6354,1.0
2633,5982,1.0
2633,1933,1.0
2633,3775,1.0
2633,5172,1.0
2633,6477,0.11743048647296583
2633,5813,0.1893137523202575
2633,3070,0.0633391509429051
2633,4982,0.0040306523865369925
2633,4260,1.0
2633,62,1.0
2633,2520,0.15900154515762155
2633,4721,1.0
2633,1719,0.01850263471435787
2633,4871,0.13808071929567212
2633,5006,0.006984453744514396
2633,5851,1.0
2633,3134,1.0
2633,6503,1.0
2633,6355,1.0
2633,5983,1.0
2633,1934,1.0
2633,3776,1.0
2633,5173,1.0
2633,6322,0.04658224975986314
2633,4719,1.0
2633,1717,1.0
2633,4869,1.0
2633,5004,1.0
2633,5849,1.0
2633,3132,1.0
2633,6501,1.0
2633,6353,1.0
2633,5981,1.0
2633,1932,0.09317165350050516
2633,5171,1.0
2633,3774,1.0
2633,3170,1.0
2633,3842,1.0
2633,4592,0.04176788665420017
2633,5812,0.002193123716200396
2633,3773,1.0
2633,3069,1.0
2633,4981,0.18383219295366782
2633,4259,0.02864572403009613
2633,61,1.0
2633,4231,1.0
2633,6321,1.0
2633,3171,1.0
2633,3843,1.0
2633,3169,1.0
2633,3841,1.0
2633,4591,0.14435306207201937
2633,4718,1.0
2633,6352,1.0
2633,1716,0.2427134572998807
2633,4868,1.0
2633,5003,1.0
2633,5848,0.09625423555718893
2633,3131,1.0
2633,6500,1.0
2633,5980,0.19401826879689654
2633,1931,1.0
2633,5170,1.0
2633,6319,0.038087509597118374
2633,3420,1.0
2676,2561,1.0
2676,5291,1.0
2676,6695,1.0
2676,345,1.0
2676,5055,0.20571277553183454
2676,5292,1.0
2676,6696,0.0055054808561856294
2676,346,0.011349509578737926
2676,5056,0.01574350113362999
2676,2562,1.0
2676,6538,1.0
2676,4155,1.0
2676,4712,0.17968395084206468
2676,1728,1.0
2676,561,1.0
2676,5290,0.06332179372783397
2676,6694,1.0
2676,344,1.0
2676,5054,0.021263828521442596
2676,560,1.0
2676,6537,0.12269018574191815
2676,4154,1.0
2676,4711,1.0
2676,1727,1.0
2676,5289,1.0
2676,6693,1.0
2676,343,1.0
2676,5053,1.0
2690,2574,1.0
2690,4512,1.0
2690,4513,1.0
2690,2575,1.0
2690,2651,1.0
2690,5887,1.0
2690,4511,0.18115707966069128
2690,455,0.0797509899610147
2690,5886,1.0
2690,1120,0.1534812768857341
2690,2650,1.0
2690,3188,0.015135186530203404
2690,3877,1.0
2690,4213,1.0
2690,454,1.0
2690,4510,1.0
2714,2597,0.24698565860434252
2714,1326,1.0
2714,588,0.04182012520891931
2714,6330,1.0
2714,6331,1.0
2714,518,1.0
2714,1426,0.09036771028314072
2714,2508,1.0
2714,2465,1.0
2714,4248,1.0
2714,2598,1.0
2714,1327,0.07198191843829249
2714,589,1.0
2714,6484,0.10163262464771594
2714,5472,1.0
2714,1325,1.0
2714,587,1.0
2714,6329,1.0
2714,4247,0.03775380081738411
2714,517,1.0
2714,1425,0.10622350757345611
2714,2507,1.0
2714,2464,0.03718384177148104
2714,3042,0.16686787080164955
2714,1324,0.24287508883362985
2714,586,1.0
2714,6483,1.0
2714,5471,1.0
2714,6328,1.0
2714,2106,0.10707548410611945
2714,4683,1.0
2734,4890,0.15326847093038543
2734,2616,0.22195163384423178
2734,3564,1.0
2734,3213,1.0
2734,3025,1.0
2734,3563,1.0
2734,4891,1.0
2734,2617,1.0
2734,5552,1.0
2734,5586,1.0
2734,3214,1.0
2734,3026,0.15330315964275287
2734,3212,1.0
2734,3024,1.0
2734,5585,1.0
2734,3562,1.0
2734,5551,1.0
2762,2643,0.049734651877339275
2762,5059,1.0
2762,2846,1.0
2762,3182,1.0
2762,2644,1.0
2762,4716,1.0
2762,5058,0.19397185573188835
2762,2847,0.022358794530600745
2762,4715,0.07474341629009584
2762,1731,0.11668095856357708
2762,2096,1.0
2762,5293,1.0
2762,5057,1.0
2773,2653,0.10840538667617095
2773,3289,0.15384483571951912
2773,2654,0.015050118130256473
2773,6723,1.0
2773,4309,1.0
2773,1588,1.0
2802,81,1.0
2802,2681,1.0
2802,5803,1.0
2802,80,1.0
2802,6145,1.0
2802,5586,1.0
2802,82,1.0
2802,2682,1.0
2802,5881,1.0
2802,1894,1.0
2802,5802,0.1026975366944215
2802,1115,0.18289821412878793
2802,901,1.0
2802,1524,1.0
2802,5550,1.0
2802,4061,1.0
2802,2143,1.0
2802,3316,0.07284115670968605
2802,869,0.032625494711248204
2802,1342,1.0
2802,533,1.0
2802,14,0.20890128255820772
2802,5804,1.0
2802,900,1.0
2802,1523,1.0
2802,5549,0.19900494864481333
2802,5429,0.03650678027716281
2802,4060,1.0
2802,2142,1.0
2802,3315,1.0
2802,868,0.009151135664282606
2802,1341,1.0
2802,532,1.0
2802,13,1.0
2802,79,1.0
2802,5880,1.0
2802,1893,0.0996216544362103
2802,5801,0.2000970512313116
2802,1114,0.05571258290925618
2802,5585,0.14638599776409844
2802,5882,1.0
2802,6144,1.0
2802,3455,1.0
2826,2704,1.0
2826,5352,0.0791704795389887
2826,2705,0.03338750915072419
2826,4084,1.0
2826,5351,1.0
2826,4083,1.0
2842,2719,1.0
2842,3876,0.09052899717220697
2842,139,1.0
2842,6414,0.21530572684668225
2842,3877,1.0
2842,140,0.03576640312811108
2842,6415,1.0
2842,2720,0.2427314630961478
2842,3459,1.0
2842,4213,1.0
2842,6060,0.050419266391074635
2842,3671,1.0
2842,2399,1.0
2842,3875,1.0
2842,138,0.23663026527079833
2842,6413,0.05778075969665786
2842,2400,1.0
2842,5684,0.08173030737757292
2842,2398,1.0
2842,3458,1.0
2842,4212,0.015135125170380848
2842,6059,1.0
2842,3670,1.0
2842,3874,0.09377702562871404
2842,137,0.17596618187456003
2842,6412,0.1295134478804636
2865,2741,1.0
2865,6385,0.15223934573064601
2865,6723,1.0
2865,2089,1.0
2865,2742,0.24116788491196672
2865,6386,0.019886799726901105
2865,6722,1.0
2865,6384,0.1325243751113364
2865,2654,1.0
2865,2088,1.0
2865,2712,0.23354549300594019
2865,6721,1.0
2865,6383,1.0
2865,2653,0.013193113233111897
2865,2087,1.0
2874,2749,1.0
2874,1622,1.0
2874,1623,1.0
2874,2750,1.0
2874,2679,0.18826892545363394
2874,599,1.0
2874,1621,0.10195717093936008
2874,2678,1.0
2874,600,0.07060048923340845
2874,1180,1.0
2874,598,0.23409071798437364
2874,1620,1.0
2894,2768,1.0
2894,4608,1.0
2894,232,1.0
2894,4609,1.0
2894,4461,1.0
2894,2233,1.0
2894,899,1.0
2894,1522,0.20986957596993383
2894,2769,1.0
2894,4607,1.0
2894,1385,1.0
2894,233,1.0
2894,231,1.0
2894,4462,1.0
2894,3453,0.24319244906998572
2894,6054,1.0
2894,4460,1.0
2894,1386,1.0
2894,2232,1.0
2894,898,0.2100320828483383
2894,1521,0.0874327954051266
2894,1384,1.0
2894,3406,1.0
2894,4606,1.0
2913,2786,0.1581545094510749
2913,4246,1.0
2913,2787,1.0
2913,2778,0.20965310546488636
2913,877,1.0
2913,4536,1.0
2913,4535,0.1925257719501553
2913,4245,1.0
2913,878,1.0
2913,2777,1.0
2913,1446,1.0
2913,5222,1.0
2927,2799,1.0
2927,107,0.10093170555962383
2927,3037,0.22046094439077746
2927,1081,1.0
2927,4626,0.04684541187970137
2927,2285,1.0
2927,106,1.0
2927,3036,0.13059480544072644
2927,1080,1.0
2927,108,0.18219261127790876
2927,3038,0.13817371031520143
2927,1082,1.0
2927,2800,1.0
2927,1831,1.0
2927,5941,0.024275207702590063
2927,4452,0.05596772947561479
2927,2013,1.0
2927,2992,0.06881192819762205
2927,5249,0.19658941614742753
2927,4625,0.21221618300783252
2927,2284,0.24899940050502922
2927,1830,1.0
2927,5940,1.0
2927,6343,1.0
2927,105,1.0
2927,3035,0.13047740545297293
2927,1079,1.0
2927,4451,1.0
2927,6491,1.0
2940,2811,0.15090978603303162
2940,1173,1.0
2940,5037,0.19797729242778916
2940,1876,1.0
2940,3393,1.0
2940,968,0.0010958205770333906
2940,335,1.0
2940,3180,1.0
2940,2812,1.0
2940,1174,1.0
2940,5857,0.1586708257911551
2940,1172,1.0
2940,4988,1.0
2940,68,0.16463282524593503
2940,5036,1.0
2940,1875,0.1829175009739421
2940,3392,1.0
2940,967,1.0
2940,334,0.04798377600509507
2940,1978,1.0
2940,3179,1.0
2940,4989,1.0
2940,1171,1.0
2940,4987,0.1796987787087122
2940,4265,1.0
2940,67,1.0
2940,5856,0.027113564909888588
2940,2525,1.0
2940,4876,0.057610077358094314
2940,3139,1.0
2940,6508,1.0
2963,2833,1.0
2963,6215,1.0
2963,3148,1.0
2963,91,1.0
2963,5893,1.0
2963,2834,1.0
2963,6214,1.0
2963,3147,1.0
2963,5042,1.0
2963,4027,0.06160571573709128
2963,6216,1.0
2963,715,0.2017667307067903
2963,90,1.0
2977,2846,1.0
2977,6700,1.0
2977,350,0.07082019921204141
2977,6543,1.0
2977,4160,0.007817379398517454
2977,6422,0.18359763058189316
2977,1150,1.0
2977,2847,1.0
2977,2643,0.08494801765296067
2977,6699,1.0
2977,349,0.2203510186772264
2977,1787,1.0
2977,1149,0.21953705248275046
2977,6542,1.0
2977,4159,0.025306834680765333
2977,4716,1.0
2977,6421,0.08721103465841706
2977,6698,0.08387786644611217
2977,348,1.0
2977,1786,1.0
3020,2888,1.0
3020,6369,1.0
3020,2889,1.0
3053,4860,0.2142223530019587
3053,2920,0.22127110729374744
3053,4861,1.0
3053,2921,0.12031611195430203
3053,6660,1.0
3053,3825,1.0
3053,1632,0.002421235046024428
3053,2759,1.0
3053,1983,1.0
3053,6005,0.08901786083515317
3053,2407,1.0
3053,1358,1.0
3053,5702,1.0
3053,4369,1.0
3053,4859,0.026859399850291732
3053,608,1.0
3053,6659,0.1124048618372191
3053,3824,0.07977328796342742
3053,2408,1.0
3053,1359,0.23284485781544273
3053,1631,0.2050390886811828
3053,2758,0.1840156309990275
3053,1982,1.0
3053,4858,1.0
3053,6004,1.0
3053,2406,1.0
3053,1357,1.0
3053,5701,1.0
3053,4368,0.15612247279652602
3053,607,1.0
3067,2933,1.0
3067,4042,0.13427185825482946
3067,6554,1.0
3067,2247,1.0
3067,4951,0.03206010118456781
3067,5344,1.0
3067,2248,1.0
3067,4952,1.0
3067,5345,0.016312535426209696
3067,4043,0.05509313681617556
3067,2934,1.0
3067,1602,1.0
3067,4041,1.0
3067,6553,0.13856613553992037
3067,6555,0.11561144795163392
3067,3471,0.18752565551929545
3067,152,1.0
3067,6235,1.0
3067,2246,0.2008292475950676
3067,4950,0.0938143506347886
3067,5343,1.0
3067,1601,1.0
3067,4040,0.22781669998544785
3067,6552,1.0
3067,946,1.0
3067,3470,0.1346713215155404
3067,151,0.08511706846824907
3067,301,0.2462587803864028
3067,6234,0.007638541927458831
3067,4949,1.0
3067,5342,1.0
3067,2245,0.13219149019055054
3094,2959,0.18239073272895656
3094,1746,0.10499183311624416
3094,3030,1.0
3094,4619,0.1030970287776325
3094,2278,1.0
3094,3029,1.0
3094,1745,1.0
3094,3031,1.0
3094,2960,0.1039150169082117
3094,101,1.0
3094,6669,1.0
3094,2985,1.0
3094,4618,1.0
3094,2277,1.0
3094,3028,0.016419212071825173
3094,6668,0.21866174881952316
3094,100,0.1883260480002571
3094,1744,1.0
3117,2724,1.0
3117,2981,1.0
3117,1816,1.0
3117,5889,1.0
3117,6065,1.0
3117,2723,0.0008181292886116909
3117,2725,1.0
3117,2982,1.0
3117,4615,1.0
3117,2274,0.20440469666559458
3117,5888,1.0
3117,6064,1.0
3117,1817,1.0
3117,5886,0.050256088172869307
3117,2722,1.0
3117,4614,1.0
3117,2273,0.10751907828450535
3117,4508,1.0
3144,3007,1.0
3144,3008,0.05883572180966534
3144,3177,1.0
3144,3176,1.0
3162,3024,1.0
3162,2272,1.0
3162,3025,0.07195285178673261
3162,2271,1.0
3162,3564,1.0
3162,3063,1.0
3181,3042,1.0
3181,3714,1.0
3181,2081,0.04155017009478912
3181,3713,1.0
3181,2598,1.0
3181,589,1.0
3181,3043,0.05845213390243209
3181,1286,1.0
3181,2079,0.16842330224710156
3181,6329,0.04673587889821429
3181,3715,1.0
3181,3723,0.1055863143882163
3181,4684,1.0
3181,3280,0.09817743487238129
3181,3712,0.040014405203466
3181,1285,0.07335980448786983
3181,2080,1.0
3181,2597,0.20055046835652302
3181,588,1.0
3181,6377,0.05417517633233904
3181,2078,1.0
3181,3724,1.0
3181,4685,1.0
3181,6328,1.0
3181,3722,1.0
3181,4683,0.16474892171268984
3181,3279,1.0
3181,5261,0.14881232096127506
3181,5412,1.0
3205,3065,1.0
3205,2354,0.2009636735784236
3205,2353,0.003492195323303804
3205,6497,1.0
3205,6101,1.0
3205,2362,1.0
3205,1862,1.0
3205,756,0.07684939781159761
3205,1685,1.0
3205,3066,1.0
3205,2355,1.0
3205,2931,1.0
3205,6160,1.0
3205,2352,0.1499650840491119
3205,6496,1.0
3205,6100,0.20971173793297937
3205,2361,1.0
3205,755,1.0
3205,1684,1.0
3205,1861,1.0
3205,6159,0.18543366375277204
3205,1714,0.006276307864508612
3205,6498,0.11268383266348514
3205,6157,1.0
3205,3022,1.0
3205,2930,1.0
3238,3097,1.0
3238,5014,0.09923494124111776
3238,5859,1.0
3238,1404,1.0
3238,4488,0.08506197029513396
3238,5533,1.0
3238,5036,1.0
3238,334,0.06776325880758927
3238,5013,1.0
3238,5858,1.0
3238,1403,1.0
3238,5015,0.01790747746964705
3238,5860,0.08714280152346843
3238,1405,1.0
3238,5415,1.0
3238,607,1.0
3238,5822,1.0
3238,3098,1.0
3238,5532,1.0
3238,5035,1.0
3238,333,0.24558559253979495
3238,5702,0.15232264168429233
3238,5414,0.04406885900238333
3238,608,1.0
3238,4489,0.16513292371502575
3238,5534,1.0
3238,5037,1.0
3238,5821,0.207918957846827
3238,5012,1.0
3238,5857,1.0
3238,1402,1.0
3238,5074,1.0
3238,606,1.0
3266,3124,1.0
3266,6493,1.0
3266,5973,1.0
3266,3161,0.23232803973623706
3266,3833,1.0
3266,6761,0.12175561205237728
3266,2350,1.0
3266,5972,1.0
3266,1756,1.0
3266,5320,1.0
3266,3125,0.23989741162717393
3266,6494,1.0
3266,5974,0.0017359476330105483
3266,4799,1.0
3266,3248,1.0
3266,3832,1.0
3266,6760,1.0
3266,5317,1.0
3266,3411,0.04784007360473197
3266,5319,0.23001492493891607
3266,3162,1.0
3266,3834,1.0
3266,2349,1.0
3266,5971,1.0
3266,4798,0.10111911497959047
3266,3247,1.0
3266,1755,1.0
3266,6758,1.0
3294,3151,1.0
3294,3557,0.04436055209343115
3294,3152,0.21376007721467494
3294,3558,1.0
3294,3556,0.17274911589309427
3294,6678,0.004491353974706347
3294,6138,0.11038891168509135
3294,2389,1.0
3294,1744,1.0
3294,6679,0.12735601854675993
3294,6139,0.15900892423565693
3294,1743,1.0
3294,2388,1.0
3294,1908,0.16734684433606306
3294,3555,1.0
3294,6677,1.0
3294,6137,1.0
3305,3161,1.0
3305,625,1.0
3305,3833,0.20934731279534569
3305,6761,1.0
3305,3832,1.0
3305,6760,1.0
3305,1762,1.0
3305,3411,0.07694759662204509
3305,3124,0.0012149926035155412
3305,6493,0.2442798733616286
3305,624,0.16114566100446115
3305,5973,1.0
3305,3249,1.0
3305,3162,0.03272000532682329
3305,3834,0.13597265611836584
3305,6762,0.06304765947389213
3305,6759,0.24533599161890718
3305,1761,0.19869521990900973
3305,3410,0.002476881279998455
3305,3412,1.0
3305,623,1.0
3305,5972,1.0
3305,4799,0.23321683648781044
3305,3248,1.0
3327,3182,0.1619087553299231
3327,2644,1.0
3327,4716,1.0
3327,2847,1.0
3327,2643,0.21319423426422923
3327,2645,1.0
3327,3183,0.08158371310558432
3327,4715,1.0
3327,2096,1.0
3327,2846,1.0
3327,2848,1.0
3327,2095,1.0
3327,4714,0.09573443874926346
3336,3190,8.196215923295114e-06
3336,3004,1.0
3336,2069,1.0
3336,3191,0.042950965720129575
3336,3005,0.05493079469644302
3336,3003,0.19955088208919847
3336,2068,1.0
3336,1479,1.0
3336,3942,0.1735588928392422
3336,4639,1.0
3336,3943,0.2405921527546917
3336,4640,1.0
3336,2067,1.0
3336,3002,1.0
3336,1478,1.0
3336,4638,1.0
3336,3807,1.0
3336,4564,1.0
3336,36,1.0
3349,3202,0.06978787915380624
3349,6459,0.1970361076434075
3349,4415,1.0
3349,5403,1.0
3349,655,0.01973543406103384
3349,6458,0.17416715489535683
3349,3203,1.0
3349,4416,0.016220965466528736
3349,6049,0.19980879319823952
3349,5324,1.0
3349,4414,1.0
3349,3380,1.0
3349,1160,1.0
3349,6457,1.0
3349,6048,1.0
3349,5402,1.0
3349,654,1.0
3349,4757,0.21657430378300402
3349,3381,0.20937647976401785
3349,4413,1.0
3349,1159,1.0
3349,5323,1.0
3349,5062,1.0
3360,3212,0.23776544774126052
3360,3213,1.0
3360,3564,0.12052423920923316
3360,3063,1.0
3370,3221,1.0
3370,3222,1.0
3370,6447,1.0
3370,3579,1.0
3370,257,1.0
3370,6446,1.0
3370,3578,1.0
3401,3251,0.2426845512027076
3401,1553,1.0
3401,3252,1.0
3401,1552,0.07746718848882317
3401,711,1.0
3419,3268,1.0
3419,4673,1.0
3419,3269,0.09299315806076569
3419,1916,1.0
3419,4574,0.06867862734636898
3419,46,1.0
3419,5400,1.0
3419,686,1.0
3419,1915,1.0
3419,4573,1.0
3419,45,1.0
3419,5401,1.0
3419,829,1.0
3419,5154,1.0
3419,416,0.07782214202049564
3419,1917,1.0
3419,4575,1.0
3419,47,0.18537475239624146
3441,3289,0.1057986676186049
3441,2654,1.0
3441,1955,1.0
3441,4760,0.11071622449326513
3441,4309,1.0
3441,3290,0.08025359557467227
3441,2655,1.0
3441,2653,0.01726880657570795
3441,765,1.0
3441,4759,1.0
3441,6723,1.0
3441,1954,0.0038280376329982158
3441,4310,1.0
3441,6722,0.2234556237769938
3441,764,1.0
3441,301,1.0
3441,1953,0.09347232205838207
3463,2137,1.0
3463,3310,1.0
3463,863,0.1034364418763527
3463,895,1.0
3463,1518,0.0612193238958918
3463,5544,0.037505764874532055
3463,5424,0.1526361453899321
3463,4055,0.17202185141077386
3463,1519,1.0
3463,5545,0.020253742038773392
3463,5425,1.0
3463,4056,1.0
3463,2138,1.0
3463,3311,1.0
3463,864,1.0
3463,1337,0.22267659202638024
3463,3404,0.17448880381635345
3463,4234,1.0
3463,5327,1.0
3463,5487,1.0
3463,862,1.0
3463,3440,1.0
3463,5085,1.0
3463,4498,1.0
3463,3106,0.03024268275221198
3463,4934,0.016990605980961693
3463,894,0.12885811986212747
3463,1517,1.0
3463,5543,1.0
3463,5423,1.0
3463,4054,1.0
3463,4235,1.0
3463,1336,1.0
3463,5875,1.0
3463,5796,1.0
3463,4233,1.0
3463,3403,1.0
3463,861,0.09334575711016457
3463,3439,1.0
3463,5084,1.0
3463,4497,0.16960472845880015
3463,3105,1.0
3463,4933,1.0
3463,893,1.0
3463,1516,1.0
3463,5542,0.016632515872866627
3463,5422,0.09125149212719574
3495,3341,0.003955011444195633
3495,3297,0.14896820215507545
3495,207,1.0
3495,4317,1.0
3495,3342,1.0
3495,3298,0.12690032904259074
3495,3296,1.0
3495,1746,1.0
3495,4522,1.0
3495,4318,1.0
3495,1745,1.0
3495,206,1.0
3495,4316,0.13913780477727378
3495,3295,1.0
3495,4521,1.0
3515,3360,1.0
3515,2999,1.0
3515,2020,1.0
3515,3000,1.0
3515,3361,1.0
3515,3912,0.02667527332299524
3515,6649,1.0
3515,2998,0.16276880261315163
3515,2019,0.22302232014279233
3515,3911,1.0
3515,4632,1.0
3515,3909,1.0
3515,6648,0.18582179548883415
3515,2997,1.0
3515,2018,0.1719977079169337
3528,3372,1.0
3528,290,1.0
3528,3459,1.0
3528,4213,1.0
3528,3671,1.0
3528,3460,0.05267627525907814
3528,3672,1.0
3528,3373,1.0
3528,291,1.0
3528,3876,0.17419020627741988
3528,139,1.0
3528,6414,1.0
3528,1119,0.16171367382375412
3528,6149,0.2380856259545121
3528,3458,1.0
3528,4212,0.009007018137869305
3528,3670,1.0
3528,140,0.12924769207832187
3528,6415,1.0
3528,3875,1.0
3528,138,1.0
3528,6413,1.0
3528,1118,1.0
3528,6148,1.0
3528,3457,0.08302435807837605
3528,4211,1.0
3528,3063,1.0
3528,3669,1.0
3537,3380,0.04439107578011903
3537,1682,1.0
3537,1160,1.0
3537,754,1.0
3537,1656,0.18561715405132695
3537,1683,1.0
3537,3202,1.0
3537,1681,1.0
3537,1860,1.0
3537,4410,1.0
3537,3381,1.0
3537,1161,1.0
3537,1159,1.0
3537,752,0.13958807594422962
3537,5323,0.1129443657546425
3537,753,0.1240956065201213
3537,5322,1.0
3537,1655,0.12211051804577377
3537,4975,0.2195024179416314
3537,1680,1.0
3537,6049,1.0
3537,4409,0.23510955975118542
3537,751,1.0
3537,1158,1.0
3537,1653,1.0
3566,5314,1.0
3566,3408,1.0
3566,5315,1.0
3566,3409,1.0
3602,3443,0.14002715252420006
3602,3444,1.0
3602,2820,1.0
3602,3860,0.014217572297320569
3602,4967,1.0
3602,5869,1.0
3602,4218,0.11653109543644025
3602,5442,1.0
3602,2819,1.0
3602,352,1.0
3602,4217,1.0
3602,3859,1.0
3602,5868,1.0
3602,4966,0.06704755017559316
3602,3857,1.0
3652,3492,1.0
3652,4250,1.0
3652,6459,0.16386328337326206
3652,1681,1.0
3652,6458,1.0
3652,1680,1.0
3652,6049,0.23828100568435884
3652,4409,1.0
3652,953,1.0
3652,4190,1.0
3652,751,1.0
3652,4795,1.0
3652,3244,0.145774478670479
3652,3493,1.0
3652,4251,1.0
3652,1682,0.20374875839883788
3652,1160,1.0
3652,955,1.0
3652,6457,1.0
3652,1679,1.0
3652,6048,1.0
3652,4408,1.0
3652,952,1.0
3652,4189,1.0
3652,750,0.12580630471365928
3652,4794,1.0
3652,3243,1.0
3652,4757,1.0
3652,2347,1.0
3652,5969,0.016883961021222693
3652,1652,0.20071774283141863
3652,1159,1.0
3652,954,1.0
3652,752,1.0
3652,3245,1.0
3683,3522,0.13752139051884138
3683,2064,0.09163904115377264
3683,2063,1.0
3683,1474,0.13127086248282793
3683,4634,0.13786645366184924
3683,3803,1.0
3683,2877,1.0
3683,5207,1.0
3683,3523,0.08175041802833638
3683,2065,0.08050126791332113
3683,2062,1.0
3683,2264,1.0
3683,1473,1.0
3683,3802,1.0
3683,2876,1.0
3683,5206,1.0
3683,6737,1.0
3683,31,1.0
3683,4635,1.0
3699,3537,1.0
3699,3253,1.0
3699,711,1.0
3699,710,1.0
3699,3538,0.06600932924723735
3699,3254,0.015772864935233777
3699,3252,0.0035816246391318085
3699,4922,0.18044226226104976
3699,4921,0.07416950402196543
3699,709,1.0
3699,3251,0.04526298630800818
3729,3566,0.04816321775298393
3729,4844,1.0
3729,2255,1.0
3729,5352,1.0
3729,4050,1.0
3729,1609,1.0
3729,2256,1.0
3729,4051,0.06950402987613469
3729,1610,1.0
3729,4843,1.0
3729,2477,0.17525436243992
3729,4845,1.0
3729,3567,1.0
3729,4550,1.0
3729,160,0.23665215835300468
3729,6563,1.0
3729,6243,1.0
3729,5596,1.0
3729,1070,1.0
3729,3093,1.0
3729,4548,0.10475210467985518
3729,2254,1.0
3729,5351,1.0
3729,4049,1.0
3729,1608,1.0
3729,3092,1.0
3729,4547,0.02515545830321686
3729,4842,1.0
3729,1244,0.1005924675003943
3729,159,1.0
3729,6562,0.009240302247476406
3729,6242,1.0
3729,5595,0.09600835704610333
3729,1069,1.0
3729,4549,1.0
3729,2253,0.08050749592846418
3729,4957,0.14618761633145216
3729,5350,1.0
3729,4048,1.0
3729,1607,1.0
3745,3581,1.0
3745,5993,1.0
3745,3924,1.0
3745,6114,0.07597864359516748
3745,4992,0.2485298673406926
3745,3434,1.0
3745,1556,0.06834571744406093
3745,3143,0.1332992650818451
3745,4991,1.0
3745,3925,1.0
3745,4223,1.0
3745,6113,0.06806617627777145
3745,5992,0.1854627252263641
3745,3923,1.0
3745,5994,1.0
3745,6115,1.0
3745,3582,0.2403819588899152
3745,4993,1.0
3745,3433,1.0
3745,4222,1.0
3745,2223,0.11076647235564141
3745,889,0.12145902576285705
3745,4990,1.0
3745,1555,1.0
3745,3142,0.14414366165639525
3745,3922,0.15859933900424128
3745,5991,0.1174898667256743
3774,3609,1.0
3774,3300,1.0
3774,3299,1.0
3774,4525,0.2427144066189838
3774,3610,1.0
3774,3301,0.12868518337609836
3774,3298,1.0
3774,4524,0.23157164728734614
3791,3625,1.0
3791,4432,0.1502655103163587
3791,3,0.024119507645147698
3791,5304,1.0
3791,4433,1.0
3791,3626,1.0
3791,4,1.0
3791,3082,1.0
3791,2,1.0
3791,5557,1.0
3791,1375,1.0
3791,1195,1.0
3791,1223,0.1880890199372549
3791,4431,1.0
3791,5303,1.0
3791,6380,0.16870038616395422
3791,5558,1.0
3791,1376,1.0
3791,1196,0.14223704061683806
3791,1,0.06525031597419373
3791,5556,1.0
3791,1374,1.0
3791,1194,1.0
3791,1222,0.20561851256872155
3791,3081,0.21695754328282557
3791,4430,0.15970546783013662
3791,520,1.0
3818,3651,0.10549184757643493
3818,520,0.21254834233397246
3818,1428,1.0
3818,2510,1.0
3818,2467,1.0
3818,519,0.17752192623382834
3818,1427,0.1863900461809721
3818,2509,1.0
3818,2466,1.0
3818,2599,1.0
3818,590,1.0
3818,1375,1.0
3818,1195,0.14328019052887842
3818,1223,1.0
3818,3652,0.1397736626021494
3818,521,0.10013481070365371
3818,1429,1.0
3818,2511,1.0
3818,2468,1.0
3818,6379,0.24151534707874112
3818,518,0.1101039192939528
3818,1426,1.0
3818,2508,1.0
3818,2465,1.0
3818,2598,0.106621393095368
3818,589,1.0
3818,1374,1.0
3818,1194,1.0
3818,1222,1.0
3818,6378,1.0
3818,2600,1.0
3818,3043,1.0
3818,6380,1.0
3842,3674,1.0
3842,774,0.2274919261693833
3842,775,1.0
3842,3675,0.11923810052650652
3842,5598,0.11888565653494632
3842,773,0.15377585241612968
3842,2195,0.1130070154376166
3842,5597,1.0
3842,2194,1.0
3842,772,0.21378724320092302
3870,3701,1.0
3870,996,1.0
3870,1901,0.23489662227193298
3870,995,1.0
3870,1900,1.0
3870,1273,0.12564258309982257
3870,6398,1.0
3870,471,0.03428588828040724
3870,815,1.0
3870,3702,1.0
3870,997,1.0
3870,1902,1.0
3870,6397,0.2328725366049611
3870,470,0.22505109906652354
3870,994,1.0
3870,1899,1.0
3870,2158,1.0
3870,814,1.0
3889,3719,0.19151661759653782
3889,5468,0.06412749508340299
3889,4680,1.0
3889,3276,0.23774350059303317
3889,661,1.0
3889,662,0.010288553232543407
3889,3720,1.0
3889,5469,1.0
3889,4681,1.0
3889,3277,1.0
3889,5467,1.0
3889,4679,0.03284585453051769
3889,3275,1.0
3889,3208,1.0
3889,5257,1.0
3889,5408,0.13639967106210849
3889,660,1.0
3889,5258,1.0
3889,5409,0.24410410885182254
3889,5466,1.0
3889,4678,1.0
3889,3274,1.0
3889,5256,0.16536004546565064
3889,5407,1.0
3889,659,1.0
3889,3207,1.0
3913,885,0.2134554678032906
3913,3742,1.0
3913,1833,1.0
3913,884,1.0
3913,2174,1.0
3913,3743,1.0
3913,1832,1.0
3913,3551,1.0
3913,4452,1.0
3913,883,0.23488900975196092
3913,3040,0.10454412379678413
3913,2173,0.047905623412538234
3913,3550,0.24594863145078638
3913,5301,0.2419214817744434
3913,3038,0.20632259058144053
3913,1831,1.0
3913,5941,1.0
3933,3761,1.0
3933,5356,0.15578445750680825
3933,2175,1.0
3933,785,1.0
3933,3685,1.0
3933,3200,1.0
3933,5355,0.1683297433427826
3933,2174,0.21538661356708622
3933,784,1.0
3933,3684,0.11373220858062627
3933,4907,1.0
3933,2633,1.0
3933,5118,1.0
3933,3762,1.0
3933,5357,1.0
3933,2176,0.017135775948092125
3933,786,1.0
3933,3686,0.10749812180549168
3933,3040,0.0719182686988512
3933,2173,1.0
3933,783,1.0
3933,3683,1.0
3933,4904,1.0
3933,2630,1.0
3933,885,1.0
3933,5354,0.13370374998837942
3933,1833,1.0
3933,3199,1.0
3933,4906,0.061939978264433315
3933,2632,0.0039812965404742995
3933,5117,1.0
3933,667,1.0
3958,3785,0.1706289217574748
3958,919,1.0
3958,6195,1.0
3958,2700,1.0
3958,1799,0.031118376151159755
3958,2914,0.05562944604063713
3958,920,1.0
3958,6196,0.08905340556695851
3958,2701,1.0
3958,1800,1.0
3958,3786,1.0
3958,3475,1.0
3958,156,1.0
3958,6559,1.0
3958,6239,1.0
3958,5592,1.0
3958,1066,1.0
3958,3335,0.18391047813518946
3958,5612,1.0
3958,2858,0.06124069047503189
3958,5188,1.0
3958,2046,0.2136459891084056
3958,918,0.06404577853432425
3958,6194,1.0
3958,2699,0.017388758344630717
3958,1798,1.0
3958,2913,1.0
3958,2859,1.0
3958,5189,1.0
3958,5841,1.0
3958,199,0.04056213368377459
3958,3474,1.0
3958,155,0.012263761594332845
3958,6558,0.086022565817933
3958,6238,1.0
3958,5591,1.0
3958,1065,1.0
3958,2188,1.0
3958,3334,0.07561009124504214
3958,5611,1.0
3958,2857,1.0
3958,5187,0.062345768881547636
3958,2045,0.13718348830518845
3958,917,0.04987073683304666
3958,6193,1.0
3958,2698,1.0
3958,1797,1.0
3983,3809,1.0
3983,3810,1.0
3983,5689,0.19586202574844658
3983,5688,1.0
4007,3832,1.0
4007,4582,0.09885704016344954
4007,6760,1.0
4007,3161,0.23854053953956322
4007,625,0.23995614974682733
4007,3833,1.0
4007,4583,1.0
4007,6761,0.22833917921221314
4007,4581,1.0
4007,6759,1.0
4007,1761,1.0
4007,5316,0.15837063933429119
4007,3410,1.0
4007,1923,1.0
4007,5162,1.0
4007,5317,0.012881722847475352
4007,3411,0.10408161437907004
4007,624,1.0
4007,1922,0.16567861366397574
4007,4580,1.0
4007,6758,1.0
4007,5161,1.0
4007,5315,1.0
4007,3409,0.20445093446508444
4055,3879,0.05977302103396431
4055,980,1.0
4055,1303,1.0
4055,647,0.0911501761618505
4055,1049,1.0
4055,3880,1.0
4055,981,0.2163006891897714
4055,979,0.07336241264430288
4055,1302,1.0
4055,5456,1.0
4055,6111,1.0
4055,646,1.0
4055,1048,1.0
4055,6730,1.0
4055,644,1.0
4055,1301,1.0
4055,978,1.0
4055,5455,0.03610552842674264
4074,2156,1.0
4074,395,0.21826464303682624
4074,3897,1.0
4074,5570,1.0
4074,2157,1.0
4074,396,1.0
4074,3898,1.0
4074,1456,1.0
4074,6637,1.0
4074,2328,1.0
4074,1822,1.0
4074,5569,1.0
4074,2160,1.0
4074,2155,1.0
4074,394,0.11822207201049217
4074,1455,1.0
4074,5029,0.21565351956947798
4074,1419,0.1858343827166491
4074,2161,0.1945680945889373
4074,6636,1.0
4074,2327,1.0
4074,1821,1.0
4074,5568,1.0
4074,5101,0.010900705494136353
4074,5929,1.0
4074,4379,1.0
4074,2154,1.0
4074,393,0.20490270410671219
4100,3922,0.23462454691765922
4100,226,1.0
4100,4223,0.16468798483863478
4100,3923,1.0
4100,5182,1.0
4100,5758,1.0
4100,225,1.0
4100,6300,1.0
4100,4222,1.0
4100,5181,0.17097317720018312
4100,5757,1.0
4100,2221,0.13692502954088004
4100,887,1.0
4100,224,0.15163035102262234
4121,3942,1.0
4121,1312,1.0
4121,4639,1.0
4121,2882,0.18864857682539238
4121,5212,1.0
4121,2027,1.0
4121,3943,1.0
4121,1313,0.19806415541866873
4121,4640,1.0
4121,2883,1.0
4121,5213,1.0
4121,4272,0.23547825387501942
4121,1311,1.0
4121,4638,1.0
4121,2881,1.0
4121,5211,1.0
4121,3190,1.0
4121,3004,1.0
4121,3527,1.0
4121,2069,0.021526239509645273
4121,406,0.09694162784351246
4121,2445,0.09973388109082681
4121,4271,1.0
4121,2026,0.23233431047535025
4121,1310,1.0
4121,4637,0.0031603227038118353
4121,2880,0.12363913960853645
4121,5210,1.0
4121,2024,0.07263170127324892
4121,3003,1.0
4121,3526,1.0
4121,2068,1.0
4156,3976,0.07365744893645487
4156,5834,0.11094956056466199
4156,192,1.0
4156,5566,1.0
4156,5026,0.07504185046925604
4156,1416,1.0
4156,5833,1.0
4156,191,1.0
4156,5565,1.0
4156,6671,0.06819918401772651
4156,2280,1.0
4156,5835,0.011027120763749787
4156,193,1.0
4156,5567,1.0
4156,3977,1.0
4156,1581,0.20855828507669705
4156,5025,1.0
4156,1415,1.0
4156,1580,0.21958789538478807
4156,6670,1.0
4156,5832,0.07859878174347124
4156,190,1.0
4156,5564,1.0
4156,2279,0.17336419032595163
4176,3995,0.1589394562784674
4176,1552,1.0
4176,4852,0.15734270922856053
4176,6442,1.0
4176,3574,1.0
4176,5521,1.0
4176,1551,0.24919389201383824
4176,4851,1.0
4176,6441,1.0
4176,3573,0.06663924031263535
4176,1553,0.08328375049302117
4176,4853,1.0
4176,6443,0.04198783239114534
4176,3575,1.0
4176,3996,1.0
4176,1269,0.007936733151420738
4176,2483,1.0
4176,2866,1.0
4176,5196,1.0
4176,2054,1.0
4176,5520,0.11813255411401347
4176,1550,1.0
4176,4850,1.0
4176,6440,1.0
4176,3572,1.0
4176,2482,1.0
4176,2865,1.0
4176,5195,1.0
4176,2053,0.06863066373316751
4176,1268,0.22406642368663476
4176,1858,1.0
4176,711,1.0
4209,4027,1.0
4209,6216,1.0
4209,4736,1.0
4209,3149,0.24573675547052243
4209,5894,1.0
4209,6215,1.0
4209,4735,1.0
4209,3148,1.0
4209,6217,0.008290542871624895
4209,4737,0.12703514076050493
4209,4028,1.0
4209,5895,1.0
4209,5893,0.22004682098742756
4209,2834,1.0
4209,2833,1.0
4209,6214,0.2393468470863187
4209,4734,1.0
4209,3147,0.13779179741743275
4209,5042,1.0
4209,4997,1.0
4209,595,1.0
4209,5327,0.0014393405888586397
4209,5487,0.022230683626334624
4209,4934,1.0
4237,2228,1.0
4237,894,1.0
4237,1517,1.0
4237,5543,0.12179145957929916
4237,5423,1.0
4237,4054,0.04571511995352584
4237,4694,1.0
4237,3310,0.1462267731963831
4237,863,0.21543733225355055
4237,895,1.0
4237,1518,1.0
4237,5544,1.0
4237,5424,0.24836367019869798
4237,4055,1.0
4237,4695,0.10576444741263347
4237,3403,0.09956130411268183
4237,3439,1.0
4237,4497,0.051765598530931434
4237,3105,1.0
4237,4693,1.0
4237,2227,0.2049452887662755
4237,893,1.0
4237,1516,1.0
4237,5542,1.0
4237,5271,0.09132135322002044
4237,5422,1.0
4237,862,1.0
4237,3402,1.0
4237,5272,1.0
4237,3438,0.14738552611086297
4237,4496,1.0
4237,3104,0.10863426424035683
4237,5270,1.0
4237,5421,1.0
4237,4692,1.0
4237,4135,1.0
4237,2226,1.0
4237,892,0.006470368462262344
4237,1515,0.14688340707074343
4237,5541,0.2066776283132068
4256,4634,0.0027992777396371737
4256,4072,0.14724823908507045
4256,5372,1.0
4256,31,0.05605147189655102
4256,4635,1.0
4256,4073,1.0
4256,5371,1.0
4256,30,0.0056122455180628306
4256,4560,1.0
4256,32,1.0
4256,2440,1.0
4278,4093,1.0
4278,4192,1.0
4278,5322,1.0
4278,5321,1.0
4278,6087,0.17964897651885203
4278,4191,0.08007210750635263
4278,5323,0.22598677597128747
4278,4094,0.01249156532332163
4278,5320,0.058658404749661996
4278,4190,1.0
4304,4118,1.0
4304,4119,1.0
4304,4352,1.0
4304,1038,0.161211924051067
4317,4130,1.0
4317,4328,1.0
4317,3099,1.0
4317,4490,1.0
4317,5535,1.0
4317,5038,1.0
4317,1877,0.18884154694689226
4317,3394,1.0
4317,969,0.03984860946076152
4317,336,1.0
4317,4327,0.20834275520682644
4317,5266,1.0
4317,5417,0.18231645872610147
4317,1016,1.0
4317,3308,1.0
4317,2673,0.12465955584239441
4317,4131,1.0
4317,3100,0.010420327550875408
4317,4329,0.1797487798873474
4317,5822,0.24161163307109734
4317,3098,1.0
4317,4489,1.0
4317,5534,1.0
4317,5037,1.0
4317,1876,1.0
4317,3393,1.0
4317,968,1.0
4317,335,1.0
4317,5821,1.0
4317,3180,1.0
4317,2812,1.0
4317,1174,1.0
4317,5076,1.0
4317,4491,0.18309914350696466
4317,5536,1.0
4317,5039,1.0
4317,1878,1.0
4317,3395,1.0
4317,4326,1.0
4317,3307,1.0
4317,2672,1.0
4317,5265,0.13126986559012488
4317,5416,1.0
4317,1015,1.0
4317,3097,1.0
4350,5805,1.0
4350,4162,1.0
4350,3218,1.0
4350,5806,0.20900036814688794
4350,4163,1.0
4350,722,1.0
4350,5312,0.21783821499077927
4350,234,1.0
4350,3219,1.0
4350,3217,0.1537424296582679
4350,6576,1.0
4350,5804,1.0
4350,721,1.0
4350,5311,1.0
4350,4354,0.16435256289796185
4350,233,1.0
4350,5429,1.0
4350,4892,1.0
4350,2618,0.013202787617516698
4350,629,1.0
4350,3216,1.0
4350,6575,0.22852723703190214
4350,5803,0.15254907847852595
4383,4194,1.0
4383,2595,1.0
4383,3046,1.0
4383,4195,1.0
4383,3047,1.0
4383,5862,1.0
4383,3045,0.09631272958904735
4383,3727,1.0
4383,4688,0.08850610020447947
4383,3284,0.007123358359352627
4383,2594,1.0
4383,2602,1.0
4383,593,1.0
4383,3728,0.13534145837671585
4383,4689,1.0
4383,2601,1.0
4383,592,1.0
4383,3044,1.0
4383,3726,1.0
4383,4687,1.0
4383,3283,1.0
4383,5861,0.026606648797456334
4383,5265,1.0
4383,5416,1.0
4383,2593,0.17273069163010768
4405,4215,0.18804192820120635
4405,2319,0.1075281300949763
4405,2318,1.0
4405,4216,0.2005819418303172
4405,2317,0.0947417911424544
4405,5641,0.08214657597478747
4424,4233,1.0
4424,3403,1.0
4424,3404,1.0
4424,4234,1.0
4424,4972,1.0
4424,4456,1.0
4424,2228,0.2062987993588753
4424,894,1.0
4424,1517,0.22367301981168497
4424,3402,1.0
4424,4457,1.0
4424,3448,1.0
4424,4971,1.0
4424,4455,1.0
4424,2227,1.0
4424,893,1.0
4424,1516,0.18681248112695403
4424,3401,1.0
4442,3492,1.0
4442,4250,1.0
4442,6459,1.0
4442,1681,1.0
4442,6458,0.14387775938920344
4442,1680,1.0
4442,6049,0.2408019908429303
4442,4409,0.23172180703607415
4442,4190,1.0
4442,751,1.0
4442,3493,1.0
4442,4251,1.0
4442,1682,1.0
4442,1160,0.008016712774669754
4442,6457,1.0
4442,1679,1.0
4442,6048,0.08881482516696237
4442,4408,0.2173196379703386
4442,4189,1.0
4442,750,0.2039569289586457
4442,4757,0.05675046163782638
4442,2347,1.0
4442,5969,0.17809110154497598
4442,1652,1.0
4442,1159,1.0
4442,752,1.0
4460,4267,0.0904682308016117
4460,2956,1.0
4460,2441,1.0
4460,4560,0.19403970962504358
4460,32,1.0
4460,4268,0.16988132726974403
4460,2957,1.0
4460,2442,1.0
4460,2955,1.0
4460,2440,1.0
4460,5960,1.0
4460,31,1.0
4460,2040,1.0
4460,2439,0.059053908497009866
4460,2954,1.0
4488,4294,1.0
4488,2572,0.11637851691901402
4488,2571,1.0
4488,4295,0.22282978893976035
4488,6426,1.0
4488,2570,1.0
4488,6425,1.0
4488,3649,1.0
4504,4309,1.0
4504,1588,1.0
4504,4310,1.0
4504,1587,1.0
4504,3289,0.07543261778085897
4504,2654,0.05673706072336271
4504,1736,1.0
4504,2710,1.0
4504,1586,1.0
4504,2653,0.11663418105579204
4531,4335,1.0
4531,4333,1.0
4531,4332,1.0
4531,4336,1.0
4531,600,1.0
4531,599,1.0
4531,601,1.0
4531,4331,1.0
4551,4354,0.15350666707601235
4551,6577,0.11098378243668927
4551,4523,1.0
4551,6223,1.0
4551,6578,1.0
4551,4355,1.0
4551,5806,1.0
4551,4163,1.0
4551,4893,1.0
4551,2619,0.10722035188356549
4551,3217,1.0
4551,6576,0.08679889820118347
4551,3298,1.0
4551,6222,1.0
4551,4522,0.017351172267424664
4551,4894,1.0
4551,5805,0.13899121491337807
4551,4162,1.0
4551,4892,1.0
4551,2618,1.0
4551,3216,1.0
4551,6575,1.0
4570,4372,1.0
4570,5922,1.0
4570,2717,1.0
4570,148,1.0
4570,298,1.0
4570,1950,1.0
4570,5921,1.0
4570,2648,0.24414146460495667
4570,3186,1.0
4570,4070,0.22935886017582385
4570,5923,0.18540432134866602
4570,4373,1.0
4570,2716,0.10000013790799556
4570,760,1.0
4570,2647,1.0
4570,3185,1.0
4570,147,0.14757155686057677
4570,297,1.0
4570,1949,1.0
4570,1951,0.1694687893192307
4570,5920,1.0
4570,295,1.0
4570,6153,1.0
4570,4069,1.0
4570,2715,0.008813553504382954
4570,88,1.0
4611,4412,0.21985665035959034
4611,1157,1.0
4611,652,0.16309039309279127
4611,2300,1.0
4611,4413,1.0
4611,1154,1.0
4611,1156,1.0
4611,651,1.0
4611,6096,0.026472968042893008
4611,2357,0.1489258204771069
4611,829,0.23460315545103771
4611,2299,0.0011560997510586812
4611,4095,1.0
4646,4446,1.0
4646,2902,1.0
4646,879,1.0
4646,1448,1.0
4646,5224,1.0
4646,2901,0.1165972837843039
4646,878,0.011698564833432679
4646,2903,1.0
4646,4447,1.0
4646,1447,1.0
4646,5866,1.0
4646,5223,0.044996217581475983
4646,1449,1.0
4646,5225,0.006871757358618558
4646,877,1.0
4646,2900,0.1258780162091686
4655,1621,1.0
4655,5793,1.0
4655,4454,1.0
4655,4970,1.0
4655,1885,1.0
4655,2491,1.0
4655,1622,0.01939526343457132
4655,2490,1.0
4655,3401,0.15240842383151176
4655,1884,1.0
4655,4969,0.13277731756855082
4655,4971,0.11653112228002582
4655,1886,0.005823587065683866
4655,5794,0.17913690664218596
4655,4455,0.06081517949897264
4655,598,0.06496261727550601
4655,3446,1.0
4655,2822,0.08159481505941624
4655,1620,0.1190652973689198
4655,4333,0.14515294026712577
4655,1883,0.09411554917827958
4655,3400,0.062215963893369586
4655,2679,1.0
4655,599,0.2054578797604394
4655,2489,0.24058037576042646
4655,3445,0.20756277903899223
4655,2821,0.07916715593921753
4655,4968,1.0
4655,2819,0.07798472732559492
4655,1181,0.19924142845393888
4655,597,0.026733538418845515
4655,3447,1.0
4655,1619,1.0
4690,4488,1.0
4690,5533,1.0
4690,5036,1.0
4690,334,1.0
4690,5858,0.08381694484473146
4690,1978,1.0
4690,3097,1.0
4690,1977,1.0
4690,5859,1.0
4690,4489,1.0
4690,5534,0.1449918324098416
4690,5037,0.22939953198601692
4690,335,1.0
4690,5532,0.2455699857429431
4690,5035,0.0036383890812403674
4690,333,1.0
4690,5857,1.0
4690,5074,0.13303796596382178
4690,4370,1.0
4690,5726,0.08064009755673318
4690,1976,0.03089707774566386
4690,607,1.0
4690,5075,0.12920406317052147
4690,5531,0.026022627750794114
4690,5034,1.0
4690,332,1.0
4690,5073,1.0
4690,4987,1.0
4690,5856,1.0
4713,4510,0.033512174949226314
4713,4511,1.0
4713,455,1.0
4713,3877,1.0
4713,454,0.2207425684877069
4713,5398,0.08729054845877637
4713,6395,0.18804460472065232
4733,4529,1.0
4733,6124,1.0
4733,1565,0.15997119876035937
4733,4530,1.0
4733,1633,0.10791403350275264
4733,1984,1.0
4733,6461,0.11703625669099293
4733,2075,0.2001896972772793
4733,6123,1.0
4733,1564,0.04299802988165302
4733,1566,1.0
4733,6325,1.0
4733,3016,1.0
4733,6660,1.0
4733,1632,1.0
4733,1983,1.0
4733,2076,1.0
4733,6462,1.0
4733,6373,0.0834491899747265
4733,4857,1.0
4733,6122,1.0
4733,1563,1.0
4733,3015,1.0
4733,2074,1.0
4733,6324,1.0
4733,1721,1.0
4765,4560,1.0
4765,6738,0.21714689816318755
4765,4009,0.011043604781894256
4765,4267,1.0
4765,2956,0.21943935956683303
4765,2215,0.06411821764220416
4765,2441,1.0
4765,6625,1.0
4765,4561,1.0
4765,6739,1.0
4765,4010,0.23130416987454727
4765,5960,1.0
4765,6737,0.2105815948017833
4765,4008,0.17874786422790845
4765,1308,1.0
4765,4073,1.0
4765,3804,1.0
4765,2878,1.0
4765,5208,0.20765901208116788
4765,4268,1.0
4765,2442,1.0
4765,2955,1.0
4765,2214,1.0
4765,2440,1.0
4765,6624,1.0
4765,5959,0.027715274489367614
4765,2953,0.08973969265393678
4765,6736,1.0
4765,4007,1.0
4765,4072,1.0
4765,3803,0.1975065804962699
4765,2877,1.0
4765,5207,0.20677743815681615
4765,1307,0.22283344417892104
4811,4605,1.0
4811,3405,1.0
4811,4235,0.09113121037172378
4811,2230,1.0
4811,896,0.042668889834598045
4811,5545,0.010667692139628815
4811,5425,0.03692180171285231
4811,362,1.0
4811,3404,0.16752545450497403
4811,4234,1.0
4811,3406,0.1860273473819113
4811,4236,0.17886645017454328
4811,4606,1.0
4811,1889,1.0
4811,5797,1.0
4811,3737,0.030982236417566034
4811,2229,0.23553393107362675
4811,895,0.1658267784472479
4811,5544,1.0
4811,5424,1.0
4811,4973,1.0
4811,1888,1.0
4811,5796,1.0
4811,3736,1.0
4811,361,0.11283672459819871
4811,4233,1.0
4811,3734,0.19491167258294206
4811,3403,1.0
4811,5798,1.0
4811,6051,0.0007059810410069423
4811,3450,1.0
4841,4634,0.07706999700072326
4841,4072,1.0
4841,3803,1.0
4841,2877,0.1368617500952013
4841,5207,1.0
4841,3802,0.1324362118022947
4841,2876,1.0
4841,5206,1.0
4841,3522,1.0
4841,5372,1.0
4841,2064,0.09071466452190946
4841,1308,1.0
4841,4635,1.0
4841,4073,1.0
4841,3804,1.0
4841,2878,0.18561484663737737
4841,5208,1.0
4841,3801,1.0
4841,2875,0.04680068456696418
4841,5205,1.0
4841,5371,0.1601760236016161
4841,2063,0.15881534320014568
4841,1307,0.02341437428083304
4841,2440,1.0
4881,4673,0.10003400860687717
4881,3269,1.0
4881,168,1.0
4881,686,1.0
4881,5462,0.17704626091806042
4881,4097,0.1555472284193945
4881,6090,1.0
4881,4674,1.0
4881,3270,0.0951242236962716
4881,3268,1.0
4881,5401,0.01988557435569327
4881,653,0.15386340517657693
4881,167,0.20905676980556698
4881,4098,1.0
4881,685,1.0
4881,5402,1.0
4881,654,0.13319622087792682
4881,5325,1.0
4881,4096,0.18859995093681292
4881,6089,1.0
4881,5400,1.0
4881,652,0.08288585980573793
4881,4413,0.07269117062896435
4927,4718,1.0
4927,1716,0.1299086446819775
4927,4868,0.13018364700062257
4927,5848,0.02873939443644069
4927,3131,1.0
4927,6500,0.2278758947457168
4927,5980,1.0
4927,1715,1.0
4927,4867,0.08645851892580936
4927,5847,1.0
4927,3130,1.0
4927,6499,1.0
4927,5979,1.0
4927,3168,1.0
4927,3840,1.0
4927,4980,0.16456140437458755
4927,4258,1.0
4927,4719,0.01928590271610009
4927,1717,0.20521184695944694
4927,4869,1.0
4927,5849,1.0
4927,3132,1.0
4927,6501,1.0
4927,5981,0.1561878744778742
4927,3774,1.0
4927,1714,1.0
4927,4866,0.07489548503487042
4927,5846,1.0
4927,3129,1.0
4927,6498,0.1826050139036306
4927,5978,1.0
4927,3167,1.0
4927,3839,1.0
4927,4979,0.21243257267310456
4927,4257,1.0
4927,3169,0.05390048452812146
4927,3841,1.0
4927,5647,0.23845817820929138
4927,2766,0.02005890985553327
4927,4918,1.0
4927,3773,1.0
4958,4748,1.0
4958,6293,0.1296164790936638
4958,4749,0.09661163008992046
4958,6292,1.0
4958,6311,1.0
4958,4119,0.2175381527496506
4970,4759,0.23986292178079294
4970,6723,1.0
4970,152,1.0
4970,6235,1.0
4970,1954,1.0
4970,4042,1.0
4970,6722,1.0
4970,2247,1.0
4970,4951,0.10236651660532203
4970,5344,0.1382151830303321
4970,6259,1.0
4970,5926,0.11384083231749709
4970,4376,1.0
4970,6191,1.0
4970,2696,1.0
4970,764,1.0
4970,151,0.06620638195890605
4970,6234,0.13181792916657742
4970,1953,1.0
4970,6189,0.20028071577630635
4970,3289,1.0
4970,153,1.0
4970,6236,1.0
4970,1955,0.09039853474006454
4970,4760,1.0
4970,3290,1.0
4970,4041,1.0
4970,6721,1.0
4970,6188,0.02516049761125627
4970,2246,1.0
4970,4950,0.20610569707854354
4970,5343,1.0
4970,6258,1.0
4970,5925,1.0
4970,4375,1.0
4970,2042,1.0
4970,2695,1.0
4970,763,1.0
4970,6190,1.0
4970,765,1.0
4970,150,1.0
4970,6233,1.0
4970,1952,1.0
5013,2119,0.1024150121432329
5013,4801,0.014266389772300658
5013,1202,1.0
5013,1201,0.052121619609964975
5013,4527,1.0
5013,6219,1.0
5013,4739,0.1977360612900132
5013,4030,0.15371012925723038
5013,5897,1.0
5013,6663,0.1466761863774848
5013,2118,1.0
5013,4239,1.0
5013,2120,1.0
5013,4802,1.0
5013,1203,1.0
5013,5088,1.0
5013,4501,1.0
5013,3109,1.0
5013,4937,0.16659114304022704
5013,5330,1.0
5013,5490,1.0
5013,2609,1.0
5013,1200,0.08145720124422806
5013,6662,0.23598140489471053
5013,6218,1.0
5013,4738,1.0
5013,4029,1.0
5013,5896,1.0
5013,1434,1.0
5013,4526,0.1895124045818889
5013,5087,1.0
5013,4500,0.09022107408510327
5013,3108,0.051578717190863155
5013,4936,1.0
5013,5329,0.1859873239496117
5013,5489,1.0
5013,2608,1.0
5013,4238,1.0
5013,2117,0.0008924198406564665
5013,2606,1.0
5013,4938,1.0
5013,5331,0.03273602304513323
5013,5491,1.0
5013,1521,1.0
5013,2140,1.0
5013,3313,1.0
5042,4829,1.0
5042,6329,1.0
5042,374,0.13757748048901486
5042,6328,1.0
5042,6007,1.0
5042,6468,1.0
5042,6330,1.0
5042,4830,1.0
5042,373,0.016949314395698245
5042,3078,1.0
5042,6483,1.0
5042,5471,1.0
5042,375,0.08356446462469291
5042,6482,1.0
5042,5470,1.0
5042,6327,0.20419185583935906
5042,3077,0.24222635986570096
5042,6006,1.0
5042,2081,1.0
5042,6467,1.0
5042,372,0.006623725306825534
5042,2079,0.016367828761924552
5042,6465,1.0
5070,4856,1.0
5070,2892,1.0
5070,4857,1.0
5070,6122,0.131865281768483
5070,1438,1.0
5070,2891,1.0
5070,4370,0.03277970475857195
5070,6121,1.0
5070,1439,1.0
5070,1978,1.0
5070,1437,1.0
5070,3699,1.0
5070,2890,0.10560418848070585
5080,4865,0.12297124383060687
5080,5000,0.1913229932040199
5080,5845,0.18194048267763796
5080,3128,1.0
5080,6497,0.0045082891520698
5080,5977,1.0
5080,1928,1.0
5080,5167,0.02288238899771411
5080,4977,1.0
5080,4255,1.0
5080,2354,1.0
5080,57,0.14976898380462278
5080,1714,0.006460603597849834
5080,4866,1.0
5080,3129,0.16045097838694455
5080,6498,1.0
5080,4999,1.0
5080,5844,1.0
5080,3127,1.0
5080,6496,0.03906775997202039
5080,5976,1.0
5080,1927,0.15345146878398486
5080,5166,1.0
5080,3165,1.0
5080,3837,0.15598818874382891
5080,4976,1.0
5080,4254,1.0
5080,1759,1.0
5080,2353,0.12874039118502378
5080,56,1.0
5080,2931,0.02076833222708152
5080,3166,0.007109463060531951
5080,3838,1.0
5080,5843,1.0
5080,3126,1.0
5080,6495,0.09747828424259608
5080,5975,0.15267412407762038
5080,1926,1.0
5080,5165,1.0
5080,3496,1.0
5080,3164,0.2224883070994692
5080,3836,0.166225964824666
5080,5644,1.0
5080,3415,1.0
5094,4878,0.16596016756337506
5094,796,1.0
5094,4879,0.1596392418615109
5094,2978,0.21528723524368754
5094,795,0.10975769878919994
5094,6630,1.0
5107,4890,1.0
5107,2616,1.0
5107,3564,0.14730559227523166
5107,3213,0.09551461538002548
5107,3025,0.054104499606437484
5107,3563,1.0
5107,4891,0.008884414096538285
5107,2617,1.0
5107,5552,1.0
5107,5586,1.0
5107,3214,0.03950043208944154
5107,3026,1.0
5107,3212,1.0
5107,3024,1.0
5107,5585,1.0
5107,3562,0.1313124517949562
5107,5551,1.0
5138,4920,0.05275364280692474
5138,4854,1.0
5138,4921,1.0
5138,1553,1.0
5138,4853,1.0
5138,563,1.0
5151,601,1.0
5151,4932,1.0
5151,3438,1.0
5151,5083,1.0
5151,4496,1.0
5151,5421,1.0
5151,5420,0.08771704661430291
5151,602,0.09324831910729825
5151,4996,1.0
5151,3437,1.0
5151,5082,0.21879860635722614
5151,4495,0.09812590570214297
5151,3439,1.0
5151,5084,0.23831270394493997
5151,4497,1.0
5151,4933,1.0
5151,2227,1.0
5151,893,0.24068466456247273
5151,1516,1.0
5151,5542,1.0
5151,5422,1.0
5151,600,0.12095660688027499
5151,5419,1.0
5151,4995,1.0
5151,2226,1.0
5151,892,1.0
5151,1515,1.0
5151,5541,1.0
5151,3436,0.007511329964811964
5151,5081,1.0
5151,4494,1.0
5151,5539,1.0
5151,2228,1.0
5151,894,1.0
5151,1517,0.11071510094532866
5151,599,1.0
5179,4959,0.14243145759562648
5179,5658,0.10641830551788578
5179,3429,1.0
5179,5657,1.0
5179,3428,0.1740270236364947
5179,3851,1.0
5179,4601,1.0
5179,225,1.0
5179,498,0.0880248701898394
5179,4960,0.16421305610163894
5179,5659,0.1228323318295298
5179,3430,1.0
5179,5656,0.032230945196418226
5179,3427,1.0
5179,3850,1.0
5179,4600,0.08656888838127452
5179,224,1.0
5179,497,1.0
5196,4975,0.15406838438519
5196,4253,0.07894856911809833
5196,1758,1.0
5196,2352,1.0
5196,5062,1.0
5196,754,1.0
5196,1656,0.02366450583753532
5196,4252,0.17025249841958112
5196,1683,1.0
5196,4976,1.0
5196,4254,0.15413945628715775
5196,1759,0.06876635870938896
5196,2353,1.0
5196,5321,1.0
5196,1757,1.0
5196,2351,1.0
5196,3126,0.07866446457286302
5196,6495,0.05210686888770755
5196,5975,1.0
5196,5061,1.0
5196,4192,1.0
5196,753,1.0
5196,1655,0.11097012290436747
5196,4251,0.05205608836538911
5196,1682,1.0
5196,6496,1.0
5196,2350,0.071666214078838
5196,5972,1.0
5196,1756,0.07690923395048221
5196,5320,1.0
5196,3125,1.0
5196,6494,0.0069284081160229105
5196,5974,1.0
5196,3163,1.0
5196,3835,0.039536619380416416
5221,4999,0.20503730768028394
5221,5844,1.0
5221,6496,0.10118108207189658
5221,4254,0.23386969279325498
5221,1759,0.2061060922199619
5221,2353,1.0
5221,4128,1.0
5221,3940,0.12981746119145843
5221,4865,1.0
5221,5000,0.23153508823246371
5221,5845,0.249034211720488
5221,6497,1.0
5221,5843,0.13178967263715502
5221,6495,0.12237807111085552
5221,6156,0.04767246148014148
5221,3836,1.0
5221,4127,1.0
5221,3939,1.0
5221,4253,1.0
5221,1758,0.1179366216943818
5221,2352,1.0
5221,6157,1.0
5221,6494,1.0
5221,6155,1.0
5221,3835,1.0
5254,5031,0.021867029762979495
5254,1870,1.0
5254,3387,1.0
5254,329,0.05762874635934845
5254,1869,0.15845271039438713
5254,3386,1.0
5254,328,1.0
5254,3695,1.0
5254,5069,1.0
5254,1867,1.0
5254,3697,1.0
5254,1690,1.0
5254,5032,1.0
5254,1871,1.0
5254,3388,0.19683065837304736
5254,330,1.0
5254,3385,1.0
5254,327,1.0
5254,3696,1.0
5254,5068,0.12071307139983589
5254,1866,1.0
5254,1689,1.0
5254,1364,0.1824642760446108
5254,3694,1.0
5254,5070,1.0
5254,4982,0.10570269311745761
5254,5918,0.028009149272030243
5254,6124,1.0
5268,5044,1.0
5268,4746,0.12728532820887506
5268,6717,0.23668794204007726
5268,943,1.0
5268,4291,1.0
5268,6718,0.20891647009671965
5268,944,0.010725553650252295
5268,5045,1.0
5268,4292,0.20680633715293262
5268,4290,0.0965910981392828
5268,2392,0.219411534280894
5268,4745,1.0
5268,6716,1.0
5268,942,0.24840252897057336
5268,2393,1.0
5268,4289,1.0
5268,2391,1.0
5268,1746,0.04700946165111164
5268,4744,0.09647540076035122
5268,6715,1.0
5268,3154,1.0
5268,941,1.0
5286,5061,1.0
5286,4192,0.2499057832148589
5286,753,1.0
5286,5322,1.0
5286,6098,0.16681423788510574
5286,1655,1.0
5286,5062,0.1382419910046584
5286,6099,1.0
5286,754,1.0
5286,1656,0.13313386551591178
5286,4252,1.0
5286,1683,1.0
5286,2349,0.17342448724477766
5286,1654,1.0
5286,6097,1.0
5286,5321,1.0
5286,1757,1.0
5286,2351,1.0
5286,6087,0.07713287535258972
5286,1159,1.0
5286,4191,0.14656901193209781
5286,752,1.0
5286,5323,1.0
5286,4975,1.0
5286,4251,1.0
5286,1682,0.23955708858317382
5286,1158,1.0
5286,2348,0.18836987445930986
5286,1653,0.04941232138504226
5286,6096,1.0
5286,2350,0.052544465969786014
5286,1756,0.0027832094390681794
5286,5320,1.0
5286,3125,1.0
5286,6494,1.0
5286,4190,0.21839433180890577
5286,751,0.1786924728803232
5327,5101,1.0
5327,4954,1.0
5327,5347,1.0
5327,4045,0.10765136836893097
5327,6262,1.0
5327,5929,1.0
5327,4379,1.0
5327,5591,0.0672880884443171
5327,4762,1.0
5327,4953,1.0
5327,5346,0.19157542370652036
5327,4044,1.0
5327,6261,0.13776744606007563
5327,5928,1.0
5327,4378,1.0
5327,5589,0.08584828584925808
5327,4955,1.0
5327,5348,1.0
5327,4046,0.2115002675073996
5327,6263,1.0
5327,5930,1.0
5327,4380,1.0
5327,5102,1.0
5327,2160,1.0
5327,4761,0.003906243187488001
5327,5590,1.0
5327,4763,1.0
5327,767,0.20693633892036256
5327,4952,1.0
5327,5345,1.0
5327,4043,1.0
5327,6260,1.0
5327,5927,0.10534555162383419
5327,4377,1.0
5327,5588,0.12034911034767948
5327,5570,1.0
5350,5123,1.0
5350,6205,0.20698810816963376
5350,1271,1.0
5350,2056,1.0
5350,6204,1.0
5350,6206,1.0
5350,5124,1.0
5350,4556,0.22316089600536038
5350,6249,1.0
5350,4773,0.23469335682906234
5350,24,1.0
5350,2057,1.0
5350,3997,1.0
5350,1270,1.0
5350,2055,1.0
5350,6203,1.0
5350,4555,0.1665650426971439
5350,165,0.09735076333043735
5350,6248,0.03345419928361393
5350,4772,1.0
5350,23,1.0
5372,5144,1.0
5372,2219,1.0
5372,2445,0.22860804815339775
5372,6629,1.0
5372,2979,1.0
5372,2027,1.0
5372,4564,1.0
5372,6742,1.0
5372,4013,0.17019950897434
5372,2978,1.0
5372,1093,1.0
5372,5145,1.0
5372,2446,0.025286926717962954
5372,6630,1.0
5372,4270,0.09036903054818557
5372,2218,1.0
5372,2444,1.0
5372,6628,0.17282480950195866
5372,2026,1.0
5372,4563,0.023807788229501914
5372,6741,0.08311856347909186
5372,4012,1.0
5372,2977,0.22965827922466497
5372,1092,1.0
5372,4269,1.0
5372,2217,1.0
5372,2443,1.0
5372,6627,0.17981610280657523
5413,5184,1.0
5413,2042,0.08133081744742632
5413,3331,1.0
5413,5608,1.0
5413,2854,0.2147559232011108
5413,1540,1.0
5413,6430,1.0
5413,4818,1.0
5413,2184,1.0
5413,4816,1.0
5413,3330,1.0
5413,5607,0.20536187098082082
5413,2853,1.0
5413,3332,1.0
5413,5609,0.13378674335767604
5413,2855,0.014503704462493272
5413,5185,1.0
5413,2043,0.03530605746849669
5413,915,1.0
5413,6191,1.0
5413,2696,1.0
5413,1795,1.0
5413,2185,1.0
5413,4817,0.09171353752300848
5413,1539,1.0
5413,6429,1.0
5413,2183,0.2412334402984767
5413,3329,0.10829860326863239
5413,5606,0.10712035748491311
5413,2852,0.172558504182448
5413,914,1.0
5413,2695,1.0
5413,1794,0.035713316016463104
5413,6190,1.0
5413,4815,1.0
5413,6723,1.0
5449,370,1.0
5449,672,0.10751008393647987
5449,5219,1.0
5449,5862,1.0
5449,5863,0.05107018262620289
5449,5220,0.19641159230369154
5449,845,1.0
5449,671,0.1256634507964175
5449,369,1.0
5449,371,1.0
5449,673,1.0
5449,6377,0.12490743518385905
5449,6003,1.0
5449,5861,1.0
5449,2339,0.12108608297969758
5449,844,0.210026204729161
5449,92,1.0
5449,368,1.0
5449,6002,1.0
5449,670,1.0
5449,1286,1.0
5449,3717,0.07740916877441606
5449,6376,1.0
5449,5860,1.0
5477,2732,1.0
5477,2989,1.0
5477,5246,1.0
5477,1289,1.0
5477,1454,1.0
5477,2731,0.08197778678109469
5477,2988,1.0
5477,2733,1.0
5477,2990,0.17646129874208805
5477,5247,0.17947488431044611
5477,5230,0.02086058966340032
5477,4623,0.1252855519077476
5477,2282,0.23327420376620456
5477,3899,1.0
5477,1288,0.16005958320703084
5477,1290,1.0
5477,2730,0.01143462254927563
5477,2987,1.0
5477,4622,0.0626833947529819
5477,2281,1.0
5477,1453,1.0
5477,5229,1.0
5488,5256,1.0
5488,5407,1.0
5488,659,1.0
5488,3207,1.0
5488,3206,1.0
5488,4419,0.1388660446344443
5488,5467,1.0
5488,3275,0.031131209811972815
5488,6011,1.0
5488,2413,1.0
5488,3208,1.0
5488,2641,0.10326880958853235
5488,5257,0.2462522330398378
5488,5408,1.0
5488,660,0.1452295469191176
5488,6164,1.0
5488,5406,1.0
5488,658,0.1407527640320283
5488,3205,0.21618814295307986
5488,4418,1.0
5488,6163,0.13518242096910005
5488,3384,1.0
5488,1637,0.16840726604907164
5488,1988,1.0
5488,4420,1.0
5488,6010,1.0
5488,2412,0.19485738352526127
5488,2640,1.0
5488,5466,1.0
5488,3274,0.1459504433203902
5488,2414,1.0
5488,5405,0.15878371285494453
5488,657,1.0
5528,5295,1.0
5528,5296,0.1969291082478264
5528,648,1.0
5528,6111,1.0
5528,6728,1.0
5528,647,1.0
5528,6110,0.18333212835099144
5528,6729,1.0
5528,6727,1.0
5528,1186,1.0
5548,5314,1.0
5548,3408,1.0
5548,5315,1.0
5548,3409,1.0
5562,5327,1.0
5562,5487,0.16915835897079323
5562,862,1.0
5562,3440,1.0
5562,5085,1.0
5562,4498,1.0
5562,4934,0.12745896792373035
5562,3441,1.0
5562,5086,0.15594865186997853
5562,4499,0.016760773451836797
5562,4935,1.0
5562,5328,1.0
5562,5488,1.0
5562,2607,0.057215686246876785
5562,2137,1.0
5562,3310,1.0
5562,863,0.15366051864987318
5562,2229,1.0
5562,895,1.0
5562,1518,1.0
5562,5544,0.0821855227361552
5562,5424,1.0
5562,861,1.0
5562,3439,1.0
5562,5084,0.12039782711196878
5562,4497,1.0
5562,4933,1.0
5562,2230,0.12471139696157918
5562,896,1.0
5562,1519,1.0
5562,2138,1.0
5562,3311,1.0
5562,2606,1.0
5562,4234,0.16031865115359112
5562,2228,1.0
5562,894,1.0
5562,1517,1.0
5562,5543,0.06278541020762607
5562,5423,0.1012999859212046
5562,860,0.2245511365620131
5562,4997,1.0
5562,4932,1.0
5562,3438,1.0
5562,5083,1.0
5562,4496,0.22485302767440718
5562,5421,1.0
5590,885,1.0
5590,6587,0.021686240175041727
5590,5354,1.0
5590,1833,1.0
5590,2424,0.18587909545064218
5590,884,0.12437615796305435
5590,6586,0.0658671028724852
5590,5355,0.021841766825415387
5590,2174,1.0
5590,784,0.06504633705600071
5590,4173,0.014485123730403227
5590,1832,1.0
5590,4903,1.0
5590,2629,1.0
5590,4172,1.0
5590,2423,1.0
5590,4452,1.0
5590,4902,1.0
5590,2628,1.0
5590,883,1.0
5590,6585,1.0
5590,3040,0.1879887527144063
5590,2173,0.18422008357705222
5590,783,1.0
5590,4904,0.10943869014648233
5590,2630,1.0
5590,3038,1.0
5590,1831,0.08888380018001008
5590,5941,0.20220553837641542
5606,5369,1.0
5606,933,1.0
5606,4116,0.1232425901899491
5606,5370,1.0
5606,6573,1.0
5606,4115,1.0
5606,932,1.0
5606,1471,1.0
5606,4114,0.0827215908174499
5606,6572,0.028575586784885365
5606,1470,0.04341233998601024
5606,931,0.12854557453802073
5606,6207,0.09616916506612405
5638,5400,0.13963890828185876
5638,652,1.0
5638,2300,1.0
5638,3268,1.0
5638,5401,0.18641584150249102
5638,653,1.0
5638,2299,1.0
5638,651,1.0
5638,2298,1.0
5638,650,0.05816122634170717
5670,5431,1.0
5670,461,1.0
5670,460,1.0
5670,5432,1.0
5670,462,0.16669629330023805
5670,459,1.0
5684,5444,1.0
5684,3032,0.1661704307232189
5684,1076,0.21425643635083125
5684,2332,1.0
5684,3033,0.21577470340441252
5684,1077,1.0
5684,5445,0.00043576290351243774
5684,6671,1.0
5684,2280,1.0
5684,1075,0.13880350901576577
5684,3031,1.0
5684,2331,1.0
5684,6670,1.0
5684,2279,1.0
5684,3030,0.24005958791983983
5703,5462,1.0
5703,6090,0.03210433225579834
5703,4674,1.0
5703,2098,1.0
5703,5463,1.0
5703,4675,0.05591312491222766
5703,4673,1.0
5703,5402,1.0
5703,654,1.0
5703,6089,1.0
5703,5572,1.0
5703,6091,1.0
5703,169,0.1216382236609409
5703,5403,0.08020025975730183
5703,655,1.0
5703,277,0.09101668357742165
5703,168,1.0
5703,5401,0.10769561793696991
5703,653,0.09503684593147876
5703,6088,1.0
5703,4414,1.0
5703,5142,0.06773621666164586
5719,5477,1.0
5719,904,1.0
5719,1527,0.10311013467140695
5719,4064,0.030684543882350424
5719,3319,1.0
5719,872,1.0
5719,1345,1.0
5719,536,1.0
5719,17,1.0
5719,84,1.0
5719,2684,1.0
5719,5094,0.2257575450217506
5719,4507,1.0
5719,3115,1.0
5719,5496,1.0
5719,903,0.03311206949096834
5719,1526,1.0
5719,4063,1.0
5719,3318,1.0
5719,871,0.2268479164900553
5719,1344,1.0
5719,535,1.0
5719,16,0.0626391345508015
5719,905,1.0
5719,1528,1.0
5719,4065,1.0
5719,3320,1.0
5719,873,1.0
5719,1346,1.0
5719,537,1.0
5719,18,1.0
5719,5478,1.0
5719,83,1.0
5719,2683,0.08029104627403771
5719,2685,1.0
5719,5093,0.003560054798463441
5719,4506,0.13032706408511885
5719,3114,1.0
5719,5495,1.0
5719,2614,1.0
5719,902,0.2347837567394342
5719,1525,1.0
5719,4062,1.0
5719,3317,1.0
5719,870,1.0
5719,1343,1.0
5719,534,1.0
5719,15,0.05278415752040411
5719,6684,0.0783590135512714
5730,5327,0.18754147953345313
5730,5487,0.12948599627847646
5730,862,0.18126863902480816
5730,364,1.0
5730,3440,1.0
5730,5085,0.18428393900600626
5730,4498,0.07730200835927703
5730,3106,1.0
5730,4934,0.2455414294336814
5730,3441,0.14671029748623987
5730,5086,1.0
5730,4499,0.07301740411077717
5730,3107,1.0
5730,4935,1.0
5730,5328,1.0
5730,5488,0.09674426624067722
5730,2607,1.0
5730,1336,0.12790411387857048
5730,839,1.0
5730,2137,1.0
5730,3310,1.0
5730,863,1.0
5730,363,1.0
5730,2229,1.0
5730,895,1.0
5730,837,1.0
5730,1518,0.004693815046380223
5730,5544,0.03754418090862133
5730,5424,1.0
5730,4055,1.0
5730,861,1.0
5730,365,0.0712584159040176
5730,3587,1.0
5730,716,1.0
5730,2116,1.0
5730,3439,0.19527910158670425
5730,5084,1.0
5730,4497,1.0
5730,3105,1.0
5730,4933,0.03132972256230315
5730,2230,1.0
5730,896,1.0
5730,838,1.0
5730,1519,1.0
5730,2138,1.0
5730,3311,0.0957659691078716
5730,2606,1.0
5730,1335,1.0
5730,362,1.0
5730,4234,1.0
5730,2228,1.0
5730,894,1.0
5730,836,0.17144788927994625
5730,1517,1.0
5730,5543,1.0
5730,5423,0.10559151897158847
5730,4054,1.0
5730,860,1.0
5730,3586,1.0
5730,4997,0.1809210148248367
5730,715,1.0
5730,2115,0.18082198633157587
5730,4932,0.17467386002852792
5730,3438,1.0
5730,5083,1.0
5730,4496,1.0
5730,3104,1.0
5730,5421,1.0
5774,5530,1.0
5774,5033,1.0
5774,3389,1.0
5774,331,0.09594830554200218
5774,6124,0.02499842553709941
5774,2075,1.0
5774,5531,1.0
5774,5034,1.0
5774,3390,0.1085935647353039
5774,332,0.10873574665212238
5774,6123,1.0
5774,6325,1.0
5774,5032,1.0
5774,3388,0.009472240340021032
5774,330,1.0
5774,5071,1.0
5774,3699,1.0
5774,6660,1.0
5774,2076,1.0
5774,6373,0.11769824898617631
5774,6122,1.0
5774,2074,1.0
5774,5070,1.0
5774,3698,0.2496936608119802
5774,6324,0.0756385463035335
5774,5031,0.22662455487674982
5774,3387,1.0
5774,329,1.0
5774,1721,1.0
5774,4984,0.07432022079683598
5799,5554,1.0
5799,6486,1.0
5799,5474,1.0
5799,1220,0.10424142743971165
5799,5555,0.2142954130089436
5799,1221,1.0
5799,6332,0.15250117200934088
5799,1219,0.0211684322299579
5799,6485,0.18614038190778437
5799,5473,1.0
5799,1234,1.0
5799,6487,0.18136736601637427
5799,5475,0.2044807013293689
5799,6331,1.0
5799,4248,1.0
5799,1233,1.0
5799,1218,1.0
5799,6484,1.0
5799,5472,1.0
5799,1325,1.0
5818,5572,1.0
5818,169,1.0
5818,168,1.0
5818,5462,1.0
5818,4674,0.10144717901707634
5818,1835,1.0
5818,5573,1.0
5818,170,1.0
5818,277,0.15670904963781962
5818,167,0.11204979211971078
5818,4673,1.0
5818,2098,1.0
5818,5463,0.06033633528642457
5818,4675,0.22390496516872094
5818,5402,0.027967671804153715
5818,654,0.08008163890304354
5818,5325,1.0
5818,857,1.0
5818,276,1.0
5827,5580,0.14406658974754427
5827,463,0.0759050935892649
5827,133,1.0
5827,6408,1.0
5827,3453,1.0
5827,2829,1.0
5827,6054,0.032313103729991965
5827,6407,1.0
5827,132,1.0
5827,134,1.0
5827,6409,1.0
5827,5581,0.19086287037481098
5827,462,1.0
5827,3759,0.043397047348209816
5827,3452,0.1335186072754383
5827,2828,1.0
5827,6053,1.0
5827,131,0.16359960979181154
5827,461,1.0
5836,5588,1.0
5836,1586,1.0
5836,4953,1.0
5836,5346,1.0
5836,4044,1.0
5836,1587,0.004684669464081526
5836,5589,1.0
5836,1601,1.0
5836,5839,1.0
5836,197,1.0
5836,1585,0.01780327180596175
5836,2155,0.21117472826060313
5836,394,0.1693292782687872
5836,4952,0.02523292398887933
5836,5345,1.0
5836,4043,1.0
5836,4041,1.0
5836,6553,0.057398009008510664
5836,1600,1.0
5836,2154,0.2389925052690044
5836,393,1.0
5836,5838,1.0
5836,196,1.0
5836,5570,0.1228473182203953
5836,1584,1.0
5849,5600,1.0
5849,908,1.0
5849,1531,1.0
5849,4068,1.0
5849,2150,1.0
5849,3323,1.0
5849,1349,1.0
5849,5481,1.0
5849,88,1.0
5849,2688,1.0
5849,2151,0.1925933170446007
5849,5098,1.0
5849,3119,1.0
5849,4947,0.1945120012187217
5849,5340,1.0
5849,5500,1.0
5849,907,1.0
5849,1530,0.08445722538061506
5849,4067,0.23476375441115327
5849,2149,1.0
5849,3322,0.18415765104765502
5849,1348,1.0
5849,5480,0.11256920916916491
5849,5889,1.0
5849,1532,1.0
5849,4069,1.0
5849,3324,1.0
5849,1350,1.0
5849,5482,0.13850972534432893
5849,5601,1.0
5849,2715,1.0
5849,5888,1.0
5849,87,1.0
5849,2687,1.0
5849,2689,0.22360756176702934
5849,2714,0.09640576618726782
5849,5097,1.0
5849,3118,0.24035116221508024
5849,4946,1.0
5849,5339,1.0
5849,5499,1.0
5849,906,1.0
5849,1529,1.0
5849,4066,1.0
5849,2148,1.0
5849,3321,0.06202313882594357
5849,1347,0.11758414123013017
5849,5479,0.10954815700736775
5868,5618,1.0
5868,5916,1.0
5868,1496,1.0
5868,3767,1.0
5868,5362,0.06958850669800887
5868,791,0.24821913351727398
5868,3691,0.06312852284901815
5868,1495,1.0
5868,1361,0.09571979622869797
5868,5619,0.15358625959259353
5868,5917,1.0
5868,3278,0.21141039779809845
5868,587,0.042422934188158345
5868,5915,0.20357331408105994
5868,2431,0.01182459273456593
5868,1497,0.14937314786706535
5868,6345,1.0
5868,1494,1.0
5868,3277,0.09303641106560445
5868,3768,1.0
5868,3692,0.0005620022767909294
5868,586,1.0
5868,3766,1.0
5868,5361,1.0
5868,790,1.0
5868,3690,1.0
5868,1360,1.0
5868,5914,1.0
5868,2430,1.0
5894,5643,1.0
5894,1765,1.0
5894,3414,0.21101273125265063
5894,3499,1.0
5894,3498,1.0
5894,1764,1.0
5894,3413,0.036032179781750995
5894,6156,1.0
5894,3164,0.22144271568223917
5894,4586,0.10513719437821578
5894,5644,1.0
5894,1766,0.15856329786916512
5894,3415,1.0
5894,3500,1.0
5894,1763,1.0
5894,3412,1.0
5894,6155,1.0
5894,3163,0.0701323064057443
5894,4585,1.0
5894,3497,0.06521943370258154
5938,5686,1.0
5938,5687,1.0
5938,463,1.0
5957,5704,0.2084920239836774
5957,2321,1.0
5957,5888,1.0
5957,4514,1.0
5957,2576,1.0
5957,4513,1.0
5957,2575,0.10194223153260351
5957,2651,1.0
5957,5887,1.0
5957,875,1.0
5957,5889,0.16210503181347502
5957,4515,1.0
5957,2577,0.016335650364667664
5957,5705,1.0
5957,2322,1.0
5957,2650,1.0
5957,3188,1.0
5957,2574,0.20805952937115246
5957,4512,1.0
5957,5886,0.015141759507484198
5957,1120,0.08830783277398613
5957,874,0.1739427445997831
5982,5728,1.0
5982,1735,1.0
5982,467,1.0
5982,5729,1.0
5982,1734,1.0
5982,466,1.0
5982,1897,0.09393813933204931
5982,468,0.01882526304061427
5982,4444,0.005493133131303729
6015,5760,0.023737625266208928
6015,3853,1.0
6015,5637,1.0
6015,4603,1.0
6015,500,0.24303983373191174
6015,3432,1.0
6015,3433,1.0
6015,2530,1.0
6015,6365,0.18142053860946095
6015,1944,1.0
6015,5761,0.06116053870424021
6015,3854,1.0
6015,5638,1.0
6015,3852,1.0
6015,5636,1.0
6015,4602,0.06245749201587292
6015,499,1.0
6015,4961,1.0
6015,3431,1.0
6015,2529,0.08591797788838573
6015,6364,1.0
6015,1943,0.016607480900116323
6015,5182,0.19180177380130825
6015,5758,1.0
6015,4962,1.0
6015,3851,0.11786406237613756
6015,5635,1.0
6015,4601,1.0
6015,498,1.0
6015,4960,1.0
6015,3430,1.0
6049,5793,1.0
6049,4454,1.0
6049,4970,0.17072633911155577
6049,1885,1.0
6049,2491,0.041310501366023766
6049,2490,1.0
6049,3401,1.0
6049,1884,1.0
6049,4969,1.0
6049,4971,1.0
6049,1886,1.0
6049,5794,0.05603967230219209
6049,4455,1.0
6049,598,1.0
6049,3446,1.0
6049,4333,1.0
6049,1883,1.0
6049,3400,0.1338488389156105
6049,2679,0.17949123048669247
6049,599,0.21004680672155773
6049,2489,0.02898581582737514
6049,3445,1.0
6049,4968,1.0
6049,1181,1.0
6049,597,1.0
6049,3447,1.0
6069,5812,1.0
6069,3069,1.0
6069,4259,1.0
6069,3696,1.0
6069,1866,0.20217261543836185
6069,1689,1.0
6069,6477,1.0
6069,5813,1.0
6069,3070,0.15278099889008312
6069,4260,1.0
6069,3068,0.13944768938150098
6069,4258,1.0
6069,1717,1.0
6069,4869,0.12273738590449923
6069,5004,0.23243384533900457
6069,5849,1.0
6069,6501,1.0
6069,3695,0.17295810683007107
6069,2766,1.0
6069,4918,1.0
6069,1865,1.0
6069,1688,1.0
6069,6476,1.0
6069,2519,1.0
6069,1718,1.0
6069,4870,0.10303779708521033
6069,5005,1.0
6069,5850,1.0
6069,6502,1.0
6069,3067,1.0
6069,4257,0.1789016742380759
6069,1716,1.0
6069,4868,1.0
6069,5003,1.0
6069,5848,1.0
6069,6500,0.0060932959654387275
6069,3169,1.0
6101,5843,1.0
6101,6495,0.06954050257147704
6101,4253,0.19396686744187142
6101,1758,1.0
6101,2352,1.0
6101,4999,1.0
6101,5844,1.0
6101,6496,0.011831383040711296
6101,5320,1.0
6101,6494,1.0
6101,3248,0.23903318088696035
6101,3835,1.0
6101,4252,1.0
6101,4128,1.0
6101,3940,1.0
6101,3247,0.05877125883094281
6101,1757,0.07487287068990234
6101,2351,0.0016320163894774087
6101,3836,0.0264876483877865
6101,6493,0.06968373760259494
6101,3249,1.0
6101,5319,1.0
6101,3834,0.05703483089843442
6101,6762,0.1812945729103117
6127,5868,0.08323759612081438
6127,4966,1.0
6127,4965,1.0
6127,76,0.14055146269206797
6127,4967,1.0
6127,5869,1.0
6127,75,1.0
6127,4964,1.0
6127,3443,1.0
6153,5893,1.0
6153,859,1.0
6153,2834,0.05581175848665698
6153,4196,0.22574808565290438
6153,3048,1.0
6153,4195,1.0
6153,3047,1.0
6153,2833,1.0
6153,3729,0.24395355677418973
6153,2113,1.0
6153,4690,0.1613704319937307
6153,1104,1.0
6153,2604,1.0
6153,1333,0.2261529370616966
6153,595,0.0937908947261834
6153,4027,1.0
6153,6216,1.0
6153,4736,1.0
6153,3149,1.0
6153,5894,1.0
6153,860,0.15905779322323688
6153,4197,1.0
6153,3049,0.20040407956591133
6153,4194,1.0
6153,3046,1.0
6153,3728,0.04277704156656703
6153,2112,1.0
6153,4689,0.1617586533908404
6153,1103,1.0
6153,2603,0.15372190690242216
6153,1332,1.0
6153,594,0.08375063559287188
6153,6215,1.0
6153,4735,1.0
6153,3148,0.220426931498948
6153,2114,1.0
6153,4691,1.0
6153,5267,1.0
6153,5418,1.0
6153,716,0.12807660662219988
6162,5901,1.0
6162,5902,1.0
6162,4162,1.0
6182,5920,0.16141985124195124
6182,6253,1.0
6182,3377,0.022609877288744196
6182,295,1.0
6182,296,0.1421188623808618
6182,6252,0.2122493254802026
6182,3378,1.0
6182,6254,1.0
6182,5921,1.0
6182,2648,1.0
6182,3186,1.0
6182,3376,1.0
6182,294,1.0
6182,2647,1.0
6182,3185,0.05345072942661955
6182,2645,0.2161692429586488
6182,3183,1.0
6182,6153,0.010525396942396181
6182,3375,0.23067222705313806
6182,293,0.22030829966037802
6182,560,0.04834705836272635
6206,5943,0.17142391127409207
6206,6731,1.0
6206,2784,1.0
6206,5944,0.19666643788380422
6206,665,1.0
6206,6169,0.03598073611371011
6206,248,0.13560662033225457
6206,2783,0.182239916331161
6206,6730,1.0
6206,279,1.0
6206,664,0.19091464038998718
6206,6168,1.0
6206,3210,1.0
6206,5578,1.0
6226,5962,1.0
6226,6725,1.0
6226,1645,0.08339278847418363
6226,3532,1.0
6226,1317,1.0
6226,5217,0.021692456647763536
6226,2341,1.0
6226,5963,1.0
6226,1646,0.0611764233937202
6226,3533,1.0
6226,1644,1.0
6226,3531,1.0
6226,6726,0.08922432464071361
6226,254,1.0
6226,4183,1.0
6226,744,1.0
6226,1211,1.0
6226,3369,0.03106603059919988
6226,4788,1.0
6226,5139,1.0
6226,3237,1.0
6226,1911,1.0
6226,4569,1.0
6226,6747,1.0
6226,41,0.044660786841277944
6226,1316,0.007133143204168579
6226,2886,0.12340187052149343
6226,5216,1.0
6226,6094,1.0
6226,1643,1.0
6226,3530,1.0
6226,4182,0.061193149962662896
6226,743,1.0
6226,1210,1.0
6226,3368,1.0
6226,4787,1.0
6226,5138,1.0
6226,3236,1.0
6226,253,1.0
6255,5990,1.0
6255,226,1.0
6255,5991,1.0
6255,225,1.0
6279,4242,1.0
6279,6013,1.0
6279,6014,1.0
6279,1771,1.0
6279,4241,1.0
6279,4243,0.11009585640629638
6279,843,1.0
6279,1770,1.0
6279,1772,1.0
6279,4240,1.0
6279,842,1.0
6303,6036,0.11918991419136493
6303,6003,0.0456354936278609
6303,2405,1.0
6303,1356,1.0
6303,5725,1.0
6303,1975,1.0
6303,370,0.13588562012887473
6303,5724,0.1616906967420989
6303,1974,1.0
6303,6002,0.18565269902896575
6303,2404,1.0
6303,1355,0.23664425903098052
6303,6004,1.0
6303,2406,1.0
6303,1357,1.0
6303,6037,1.0
6303,5701,1.0
6303,4368,0.0336775329177641
6303,5726,1.0
6303,1976,1.0
6303,607,0.22847928032599452
6303,5723,0.23439835550411758
6303,1973,1.0
6303,6654,0.19790880704380764
6303,2595,1.0
6303,369,1.0
6303,5700,1.0
6303,4367,1.0
6303,1354,1.0
6303,6001,0.07409151862985253
6303,2403,0.033660729715704996
6303,606,1.0
6319,6051,0.20063662095417722
6319,3450,0.18740381806572437
6319,2826,1.0
6319,4204,1.0
6319,3056,0.014417799764365524
6319,4203,1.0
6319,3055,0.08558906890903306
6319,360,0.10838555311111209
6319,3449,1.0
6319,2825,1.0
6319,3451,0.03251351811180747
6319,2827,0.08498332684448262
6319,4205,1.0
6319,3057,0.15390424235664235
6319,6052,0.06533963015852395
6319,3663,1.0
6319,3867,1.0
6319,1110,1.0
6319,5876,1.0
6319,1889,0.07195415771648328
6319,5797,0.128120263426436
6319,4458,0.22635112979894367
6319,3737,0.10629791448742898
6319,4973,1.0
6319,5875,1.0
6319,1888,1.0
6319,5796,1.0
6319,4457,0.21838024301796854
6319,3736,1.0
6319,4202,1.0
6319,3054,1.0
6319,3448,1.0
6319,2824,1.0
6319,3866,0.026333157532839824
6319,359,1.0
6319,3662,1.0
6319,1109,1.0
6356,6087,1.0
6356,5323,1.0
6356,4094,1.0
6356,5061,1.0
6356,4093,1.0
6356,5322,1.0
6356,6098,0.08591258232127952
6356,2359,1.0
6356,5324,1.0
6356,4095,1.0
6356,6088,1.0
6356,4414,0.08782685724201678
6356,6097,1.0
6356,2358,0.0459484861011189
6356,4413,0.053065684127462265
6356,5062,0.21765832875494873
6356,6099,0.08508651426979952
6356,2360,1.0
6356,5321,1.0
6356,6459,0.15487366423865634
6366,6096,0.1284433379837142
6366,2357,0.19562741130542416
6366,1157,0.1538471417817162
6366,1654,1.0
6366,6097,0.011569370819544122
6366,2358,1.0
6366,1753,1.0
6366,1755,1.0
6366,1653,1.0
6366,1752,1.0
6366,6609,1.0
6366,1156,1.0
6366,1754,1.0
6384,4223,1.0
6384,6113,1.0
6384,5992,1.0
6384,5182,1.0
6384,5758,0.21706054674456987
6384,3581,1.0
6384,5993,1.0
6384,6114,1.0
6384,4222,1.0
6384,1555,1.0
6384,5181,1.0
6384,5757,1.0
6384,4224,0.11568550771894437
6384,5991,1.0
6384,512,0.02641729719184971
6384,2222,0.030571441073142358
6384,888,1.0
6384,4221,1.0
6384,3783,0.04515127873329394
6384,5180,0.23086008354577037
6384,5756,0.12355501549380743
6384,5990,1.0
6398,6126,1.0
6398,4883,1.0
6398,3195,1.0
6398,4882,0.09748464096779774
6398,3194,1.0
6398,801,0.07068907502796284
6398,6127,1.0
6398,4884,1.0
6398,3196,1.0
6398,4881,0.1824281701235302
6398,3193,0.042775937733357305
6398,800,0.09455186495985435
6398,5295,1.0
6398,2797,1.0
6428,6155,1.0
6428,3835,0.06732350645684015
6428,6495,0.17649537682612648
6428,6156,1.0
6428,3836,0.04537993867881662
6428,5319,1.0
6428,3834,1.0
6428,5318,0.24790245219272822
6428,5643,1.0
6428,6494,1.0
6428,4799,0.04984058369153055
6428,3833,1.0
6450,3590,1.0
6450,719,0.19142402650415224
6450,6176,1.0
6450,1202,1.0
6450,1201,0.07333639118941837
6450,4527,1.0
6450,6219,0.12296760497772619
6450,4739,0.2334159443050684
6450,4030,1.0
6450,5897,1.0
6450,6663,0.010006441138433408
6450,3589,1.0
6450,718,1.0
6450,4239,1.0
6450,3591,1.0
6450,720,1.0
6450,6177,0.010451246063040709
6450,2771,1.0
6450,1203,1.0
6450,5088,0.13279927144990733
6450,4501,1.0
6450,3109,0.1606248885194187
6450,4937,0.025995799326172353
6450,5330,1.0
6450,5490,1.0
6450,2609,1.0
6450,1200,0.23310946896605544
6450,6662,1.0
6450,6218,1.0
6450,4738,1.0
6450,4029,1.0
6450,5896,1.0
6450,1434,1.0
6450,4526,1.0
6450,5087,1.0
6450,4500,0.20970208441230653
6450,3108,0.019584252369369004
6450,4936,0.06083690495936567
6450,5329,0.13128845001558354
6450,5489,0.007749242291396841
6450,2608,0.20766044123649618
6450,4238,1.0
6450,3588,1.0
6450,717,0.07469565117032761
6450,2606,0.14921116491993125
6450,235,0.07607963489144265
6450,4938,1.0
6450,5331,1.0
6450,5491,1.0
6450,2770,1.0
6450,2232,1.0
6450,898,1.0
6450,2140,0.22297508051207116
6450,3313,1.0
6484,6209,1.0
6484,3142,1.0
6484,512,1.0
6484,6210,1.0
6484,3143,0.21933332422995022
6484,4991,1.0
6484,3141,1.0
6484,511,1.0
6484,4990,0.16074673653310534
6484,3140,1.0
6506,6230,0.0908126736023096
6506,2243,1.0
6506,909,1.0
6506,4069,0.21508184139963127
6506,1350,0.13780262658594578
6506,5482,1.0
6506,2715,1.0
6506,5099,1.0
6506,3120,1.0
6506,4948,1.0
6506,5341,0.24633490460274987
6506,5501,1.0
6506,2714,1.0
6506,2242,1.0
6506,908,1.0
6506,4068,0.037565223486999866
6506,2150,0.15695701386962646
6506,1349,1.0
6506,5481,1.0
6506,910,1.0
6506,4070,0.20600404750313217
6506,1351,0.10315439679970884
6506,5483,0.17737963651414312
6506,6231,1.0
6506,2689,1.0
6506,2716,0.24814714706475005
6506,2713,1.0
6506,5098,1.0
6506,3119,0.20471752377220387
6506,4947,1.0
6506,5340,1.0
6506,5500,1.0
6506,88,1.0
6506,2688,1.0
6506,2241,1.0
6506,907,1.0
6506,4067,1.0
6506,2149,0.026238312321052115
6506,875,0.23160544676732897
6506,1348,1.0
6506,5480,1.0
6506,2690,1.0
6529,6252,1.0
6529,452,0.0957871326356311
6529,5920,1.0
6529,6253,1.0
6529,3377,1.0
6529,295,1.0
6529,453,1.0
6529,451,1.0
6529,1948,0.09809451886014386
6529,2747,1.0
6529,3376,0.01615355962356746
6529,294,1.0
6529,561,1.0
6529,450,1.0
6529,3182,1.0
6529,2644,0.0398322662940892
6573,6295,0.21399808141927978
6573,6296,0.09455821853199076
6573,4218,1.0
6573,5442,1.0
6573,4217,0.07790100050324122
6597,6318,1.0
6597,5648,1.0
6597,3841,1.0
6597,6319,0.24186274586928636
6597,5649,1.0
6597,5647,0.11611782394290637
6597,6293,1.0
6597,3840,1.0
6597,4352,0.24011924613709013
6597,1038,0.04498613168869403
6597,5646,1.0
6597,3895,1.0
6616,6336,0.017585809309167533
6616,6337,1.0
6616,307,0.018229834671987133
6616,3541,0.1644354418728543
6616,3257,0.18115614932762814
6616,308,1.0
6616,3542,0.010344785785853627
6616,3258,1.0
6616,306,1.0
6616,3540,0.08436935953662816
6616,3256,1.0
6626,6345,1.0
6626,4913,1.0
6626,2639,1.0
6626,3767,0.18573768828442594
6626,5362,1.0
6626,791,1.0
6626,3691,1.0
6626,3276,1.0
6626,6346,1.0
6626,4914,0.24876202979445083
6626,2640,1.0
6626,4912,0.24073528817963397
6626,2638,1.0
6626,585,1.0
6626,3766,1.0
6626,5361,1.0
6626,790,1.0
6626,3690,1.0
6626,584,1.0
6626,321,0.0644002457584264
6626,3275,1.0
6626,4911,1.0
6626,2637,1.0
6651,6369,1.0
6651,3846,1.0
6651,2889,1.0
6651,2890,1.0
6651,6370,1.0
6651,3845,1.0
6651,2888,1.0
6651,5653,1.0
6651,1436,1.0
6651,3844,0.20464233269195176
6651,5652,1.0
6665,6382,0.13290088880197715
6665,6383,0.1041517469053006
6665,2135,0.19747018845662279
6665,2084,1.0
6665,2134,1.0
6665,1142,1.0
6681,6397,1.0
6681,470,1.0
6681,995,0.15764103407309527
6681,1900,0.07416372747642797
6681,6398,0.04255291700272845
6681,471,1.0
6681,469,0.1089251060130495
6681,5731,1.0
6681,3701,1.0
6681,996,1.0
6681,1901,1.0
6681,994,1.0
6681,1899,1.0
6681,2158,1.0
6681,468,0.08858897377443697
6681,5730,1.0
6692,6407,1.0
6692,3974,0.17524030620756537
6692,4671,0.07739000523051631
6692,3869,0.1280283025640604
6692,6528,0.021147038016801623
6692,4145,1.0
6692,4702,1.0
6692,132,0.06137287861456331
6692,5678,1.0
6692,5281,1.0
6692,5775,0.2001977698133558
6692,2544,1.0
6692,2828,1.0
6692,4206,0.2159286410140957
6692,3058,0.0034961360339269554
6692,6053,1.0
6692,3664,1.0
6692,3973,1.0
6692,4670,1.0
6692,3868,0.06303195323257238
6692,6527,1.0
6692,4144,1.0
6692,4701,1.0
6692,131,1.0
6692,5580,1.0
6692,3870,1.0
6692,6529,0.017276168646489065
6692,4146,1.0
6692,4703,1.0
6692,133,0.1395202581045929
6692,6408,0.16919803165702907
6692,5677,1.0
6692,5280,1.0
6692,3972,0.007839595076398087
6692,4669,0.17554396380990656
6692,5774,1.0
6692,2543,1.0
6692,2827,1.0
6692,4205,1.0
6692,3057,1.0
6692,6052,0.23603561930683592
6692,3663,1.0
6692,130,1.0
6692,3867,1.0
6692,6526,1.0
6692,4143,1.0
6692,4700,1.0
6692,229,1.0
6735,6449,1.0
6735,5459,0.10820913723304981
6735,1781,0.0552029193358321
6735,5458,0.06774521480113382
6735,2784,1.0
6735,2636,0.24792739598332347
6735,5121,1.0
6735,1780,0.16965795260949157
6735,6450,0.0706892388353042
6735,983,1.0
6735,1782,1.0
6735,5460,1.0
6735,248,0.14547787467895623
6735,5457,1.0
6735,2783,1.0
6735,2635,0.07503697585132241
6735,5120,1.0
6735,982,0.10503361986927118
6735,1779,1.0
6735,3210,0.23147921793978865
6735,5578,1.0
6748,6461,1.0
6748,2075,1.0
6748,6123,1.0
6748,1564,0.07288742692533157
6748,1632,0.13574774227399578
6748,1983,1.0
6748,2076,0.021725842087509273
6748,6462,1.0
6748,4857,0.019312142543547184
6748,6122,1.0
6748,1563,1.0
6748,4529,1.0
6748,6124,1.0
6748,1565,1.0
6748,3015,0.14711805196056615
6748,2074,1.0
6748,1631,0.07537378128358263
6748,1982,1.0
6748,4370,0.1632131813582991
6748,4858,1.0
6748,6121,1.0
6748,1562,1.0
6748,1439,1.0
6748,3014,1.0
6748,4856,1.0
6748,3699,1.0
6748,2073,1.0
6764,6476,0.23678586754014042
6764,2519,1.0
6764,4720,1.0
6764,5005,0.12371357816320527
6764,6502,0.13205333436572142
6764,6477,1.0
6764,5813,1.0
6764,3070,1.0
6764,2520,0.13907423521663143
6764,4721,1.0
6764,5006,0.024427039529286265
6764,6503,0.19544069761325833
6764,6322,1.0
6764,4719,0.23758146668825453
6764,5004,0.00011058511066752708
6764,6501,1.0
6764,3842,1.0
6764,5812,1.0
6764,3069,1.0
6764,4231,1.0
6764,6321,1.0
6764,3843,0.060923689923065294
6764,3841,1.0
6764,4718,0.045064744618410923
6764,5003,0.2078419902539086
6764,6500,1.0
6764,6319,1.0
6764,5649,1.0
6782,3124,1.0
6782,6493,1.0
6782,1924,1.0
6782,5163,1.0
6782,5973,0.09971321410376321
6782,3161,0.06768105262981616
6782,3833,1.0
6782,4583,0.16843044780961847
6782,6761,1.0
6782,2350,1.0
6782,5972,1.0
6782,1756,0.05653382430694187
6782,53,1.0
6782,5320,1.0
6782,3125,0.025566968406718793
6782,6494,1.0
6782,5974,1.0
6782,1925,1.0
6782,5164,0.16102438500323402
6782,4799,1.0
6782,3248,1.0
6782,1923,0.18264309730889727
6782,5162,1.0
6782,3832,0.15051093091701173
6782,4582,0.06602903376313463
6782,6760,1.0
6782,5317,1.0
6782,3411,1.0
6782,5319,0.16135435831714318
6782,3162,1.0
6782,3834,0.04916982231282274
6782,2349,1.0
6782,5971,1.0
6782,4798,1.0
6782,3247,1.0
6782,1755,1.0
6782,52,1.0
6782,1922,1.0
6782,4580,0.09113086773503065
6782,6758,1.0
6782,5161,1.0
6835,6545,1.0
6835,5807,0.039867714240195196
6835,723,0.20916730418356566
6835,6222,1.0
6835,4742,1.0
6835,4033,0.09609925367908079
6835,6666,1.0
6835,6223,1.0
6835,4743,1.0
6835,4034,0.014641304952858647
6835,6667,1.0
6835,6546,1.0
6835,6714,1.0
6835,4469,1.0
6835,5806,1.0
6835,722,0.17123662669745576
6835,6179,1.0
6835,5312,1.0
6835,5808,0.1609446713022784
6835,724,0.12646881410279476
6835,2840,0.24732975589071082
6835,1593,1.0
6835,6221,1.0
6835,4741,0.07174066781798327
6835,4032,1.0
6835,6665,1.0
6835,5310,1.0
6835,3593,0.005874505210269554
6835,6713,1.0
6835,6180,0.24364990804492026
6835,4468,0.2428658251243041
6835,5805,0.10732693407175953
6835,4940,0.244021387522793
6835,5333,0.04751834263266741
6835,5493,1.0
6835,383,1.0
6835,3592,0.23705898121121394
6835,721,1.0
6835,6178,0.09192190524213062
6835,5311,0.10648021345005731
6835,2839,1.0
6835,1592,1.0
6835,5309,1.0
6835,6220,1.0
6835,4740,1.0
6835,4031,0.018141241572971367
6835,6664,1.0
6866,6575,0.16513432141239548
6866,4466,0.16865251172707607
6866,4891,1.0
6866,2617,1.0
6866,628,0.14418529953443127
6866,4465,0.1372157851294058
6866,3217,0.10334096649152269
6866,1207,1.0
6866,4467,0.19914526450522407
6866,6576,1.0
6866,5804,1.0
6866,3214,1.0
6866,3026,1.0
6866,4890,1.0
6866,2616,0.050634842417386805
6866,627,1.0
6866,4892,0.1835402231816533
6866,2618,0.20737096984551462
6866,629,1.0
6866,3216,0.1592771163470783
6866,4464,1.0
6866,5803,1.0
6866,1206,1.0
6866,5429,1.0
6903,6611,1.0
6903,5523,1.0
6903,5522,0.16929119445143037
6903,5524,1.0
6903,6612,1.0
6903,4854,1.0
6903,6444,1.0
6903,3576,1.0
6903,5521,1.0
6903,1553,1.0
6903,4853,0.14084980997857555
6903,6443,1.0
6903,3575,1.0
6925,6632,1.0
6925,4746,0.18745943392958497
6925,6549,1.0
6925,4618,1.0
6925,2277,0.15687174000074833
6925,2727,1.0
6925,6550,1.0
6925,6633,0.13333530531906423
6925,6183,1.0
6925,4617,1.0
6925,2276,0.07769444626789745
6925,4619,1.0
6925,2278,0.03915089961067397
6925,4745,0.03846327778849179
6925,6548,1.0
6925,6184,1.0
6925,2726,0.24390249526492347
6925,5497,1.0
6925,387,1.0
6925,4616,1.0
6925,2275,1.0
6925,6182,1.0
6925,1746,1.0
6925,4744,0.06451047784475561
6925,6547,1.0
6946,6652,1.0
6946,5695,0.18719020792267038
6946,2594,0.1651861703745341
6946,6653,1.0
6946,3815,1.0
6946,5694,0.13515883714187293
6946,5696,0.13522123559095345
6946,2593,1.0
6957,6662,1.0
6957,6218,1.0
6957,4029,1.0
6957,5896,1.0
6957,1434,1.0
6957,6219,1.0
6957,4030,1.0
6957,5897,0.19762578752106563
6957,6663,1.0
6957,2836,1.0
6957,1433,1.0
6957,6217,1.0
6957,4028,0.17183779260617937
6957,5895,1.0
6957,6176,1.0
6957,4801,1.0
6957,4936,0.05338513261069033
6957,5329,1.0
6957,5489,1.0
6957,1432,1.0
6957,595,0.12298047628799735
6957,2835,1.0
6957,4027,0.17224912303348927
6957,6216,1.0
6957,3149,0.19108390696471722
6957,5894,0.14293516857861854
6971,6675,0.1988787894687014
6971,6404,1.0
6971,4435,0.1645650573312003
6971,6708,0.03340163510190519
6971,6135,1.0
6971,4434,1.0
6971,935,1.0
6971,810,1.0
6971,3554,1.0
6971,6403,0.22099409212559207
6971,4436,0.09723823771101936
6971,6676,0.10908917748986757
6971,6709,1.0
6971,6136,1.0
6971,6405,1.0
6971,3085,1.0
6971,6707,1.0
6971,6134,1.0
6971,3084,0.0641059146748878
6971,5304,1.0
6971,4433,1.0
6971,6402,1.0
6971,6673,0.05393960655469643
6971,809,1.0
6971,3553,1.0
6971,2844,1.0
6971,6706,1.0
6971,6133,1.0
6999,6702,1.0
6999,3198,0.13469364693046892
6999,804,1.0
6999,6703,0.004715222218427129
6999,3199,1.0
6999,4885,1.0
6999,3197,1.0
6999,6173,1.0
6999,803,1.0
6999,283,0.22263757202097767
6999,4884,1.0
6999,3196,1.0
6999,6172,0.1918557854801919
6999,5298,1.0
7023,5962,1.0
7023,6725,1.0
7023,3532,1.0
7023,3947,1.0
7023,4644,1.0
7023,1183,0.19000205850919705
7023,3533,1.0
7023,3531,1.0
7023,1226,1.0
7023,6726,1.0
7023,1911,0.10480134639864669
7023,2494,1.0
7023,4569,1.0
7023,41,1.0
7023,3946,1.0
7023,4643,1.0
7023,2886,1.0
7023,6094,0.19152903984479464
7023,1184,1.0
7023,3530,0.06341265991306977
7033,6734,1.0
7033,4005,1.0
7033,2211,1.0
7033,6621,1.0
7033,6735,1.0
7033,4006,1.0
7033,2209,0.14321456139218736
7033,4004,1.0
7033,2874,1.0
7033,5204,1.0
7033,3800,1.0
7033,2210,1.0
7033,6620,1.0
7033,3490,1.0
7033,4003,1.0
7033,2873,1.0
7033,5203,0.14042271436115972
7033,2208,1.0
7033,933,0.174481421870339
7033,4116,1.0
7033,3799,1.0
